0|366|740|0|0|0|1289|720|1280
1|366|740|0|0|0|1392|720|1280
0|183|785|0|0|0|2261|720|1280
1|183|785|0|0|0|2266|720|1280
0|360|744|0|0|0|2475|720|1280
1|360|744|0|0|0|2480|720|1280
0|470|740|0|0|0|2729|720|1280
1|470|740|0|0|0|2734|720|1280
0|183|785|0|0|0|2741|720|1280
1|183|785|0|0|0|2746|720|1280
0|360|744|0|0|0|2982|720|1280
1|360|744|0|0|0|2987|720|1280
0|333|910|0|0|0|2992|720|1280
1|333|910|0|0|0|2997|720|1280
0|353|1099|0|0|0|3213|720|1280
1|353|1099|0|0|0|3217|720|1280
0|470|740|0|0|0|3241|720|1280
1|470|740|0|0|0|3245|720|1280
0|183|785|0|0|0|3254|720|1280
1|183|785|0|0|0|3258|720|1280
0|43|1237|0|0|0|3477|720|1280
1|43|1237|0|0|0|3481|720|1280
0|360|744|0|0|0|3489|720|1280
1|360|744|0|0|0|3493|720|1280
0|333|910|0|0|0|3498|720|1280
1|333|910|0|0|0|3503|720|1280
0|353|1099|0|0|0|3731|720|1280
1|353|1099|0|0|0|3735|720|1280
0|183|785|0|0|0|3759|720|1280
1|183|785|0|0|0|3764|720|1280
0|470|740|0|0|0|3769|720|1280
1|470|740|0|0|0|3774|720|1280
0|360|744|0|0|0|3987|720|1280
1|360|744|0|0|0|3992|720|1280
0|333|910|0|0|0|3997|720|1280
1|333|910|0|0|0|4002|720|1280
0|43|1237|0|0|0|4007|720|1280
1|43|1237|0|0|0|4012|720|1280
0|353|1099|0|0|0|4227|720|1280
1|353|1099|0|0|0|4231|720|1280
0|183|785|0|0|0|4268|720|1280
1|183|785|0|0|0|4272|720|1280
0|470|740|0|0|0|4277|720|1280
1|470|740|0|0|0|4282|720|1280
0|360|744|0|0|0|4507|720|1280
1|360|744|0|0|0|4512|720|1280
0|333|910|0|0|0|4517|720|1280
1|333|910|0|0|0|4522|720|1280
0|43|1237|0|0|0|4527|720|1280
1|43|1237|0|0|0|4532|720|1280
0|353|1099|0|0|0|4736|720|1280
1|353|1099|0|0|0|4741|720|1280
0|183|785|0|0|0|4768|720|1280
1|183|785|0|0|0|4773|720|1280
0|470|740|0|0|0|4778|720|1280
1|470|740|0|0|0|4783|720|1280
0|360|744|0|0|0|5002|720|1280
1|360|744|0|0|0|5007|720|1280
0|333|910|0|0|0|5012|720|1280
1|333|910|0|0|0|5017|720|1280
0|43|1237|0|0|0|5022|720|1280
1|43|1237|0|0|0|5027|720|1280
0|353|1099|0|0|0|5236|720|1280
1|353|1099|0|0|0|5241|720|1280
0|183|785|0|0|0|5282|720|1280
1|183|785|0|0|0|5287|720|1280
0|470|740|0|0|0|5292|720|1280
1|470|740|0|0|0|5297|720|1280
0|360|744|0|0|0|5517|720|1280
1|360|744|0|0|0|5522|720|1280
0|333|910|0|0|0|5527|720|1280
1|333|910|0|0|0|5532|720|1280
0|43|1237|0|0|0|5537|720|1280
1|43|1237|0|0|0|5542|720|1280
0|353|1099|0|0|0|5750|720|1280
1|353|1099|0|0|0|5755|720|1280
0|183|785|0|0|0|5790|720|1280
1|183|785|0|0|0|5795|720|1280
0|470|740|0|0|0|5800|720|1280
1|470|740|0|0|0|5805|720|1280
0|360|744|0|0|0|6024|720|1280
1|360|744|0|0|0|6029|720|1280
0|333|910|0|0|0|6034|720|1280
1|333|910|0|0|0|6039|720|1280
0|43|1237|0|0|0|6044|720|1280
1|43|1237|0|0|0|6049|720|1280
0|353|1099|0|0|0|6253|720|1280
1|353|1099|0|0|0|6258|720|1280
0|183|785|0|0|0|6296|720|1280
1|183|785|0|0|0|6301|720|1280
0|470|740|0|0|0|6306|720|1280
1|470|740|0|0|0|6311|720|1280
0|360|744|0|0|0|6539|720|1280
1|360|744|0|0|0|6544|720|1280
0|333|910|0|0|0|6549|720|1280
1|333|910|0|0|0|6554|720|1280
0|43|1237|0|0|0|6559|720|1280
1|43|1237|0|0|0|6564|720|1280
0|353|1099|0|0|0|6773|720|1280
1|353|1099|0|0|0|6778|720|1280
0|183|785|0|0|0|6797|720|1280
1|183|785|0|0|0|6802|720|1280
0|470|740|0|0|0|6807|720|1280
1|470|740|0|0|0|6812|720|1280
0|360|744|0|0|0|7034|720|1280
1|360|744|0|0|0|7039|720|1280
0|333|910|0|0|0|7044|720|1280
1|333|910|0|0|0|7049|720|1280
0|43|1237|0|0|0|7054|720|1280
1|43|1237|0|0|0|7059|720|1280
0|353|1099|0|0|0|7267|720|1280
1|353|1099|0|0|0|7272|720|1280
0|183|785|0|0|0|7310|720|1280
1|183|785|0|0|0|7315|720|1280
0|470|740|0|0|0|7320|720|1280
1|470|740|0|0|0|7325|720|1280
0|360|744|0|0|0|7544|720|1280
1|360|744|0|0|0|7549|720|1280
0|333|910|0|0|0|7554|720|1280
1|333|910|0|0|0|7559|720|1280
0|43|1237|0|0|0|7564|720|1280
1|43|1237|0|0|0|7569|720|1280
0|353|1099|0|0|0|7780|720|1280
1|353|1099|0|0|0|7784|720|1280
0|183|785|0|0|0|7809|720|1280
1|183|785|0|0|0|7814|720|1280
0|470|740|0|0|0|7819|720|1280
1|470|740|0|0|0|7824|720|1280
0|360|744|0|0|0|8044|720|1280
1|360|744|0|0|0|8049|720|1280
0|333|910|0|0|0|8054|720|1280
1|333|910|0|0|0|8059|720|1280
0|43|1237|0|0|0|8064|720|1280
1|43|1237|0|0|0|8069|720|1280
0|353|1099|0|0|0|8278|720|1280
1|353|1099|0|0|0|8282|720|1280
0|183|785|0|0|0|8324|720|1280
1|183|785|0|0|0|8329|720|1280
0|470|740|0|0|0|8334|720|1280
1|470|740|0|0|0|8339|720|1280
0|360|744|0|0|0|8558|720|1280
1|360|744|0|0|0|8563|720|1280
0|333|910|0|0|0|8568|720|1280
1|333|910|0|0|0|8573|720|1280
0|43|1237|0|0|0|8578|720|1280
1|43|1237|0|0|0|8583|720|1280
0|353|1099|0|0|0|8793|720|1280
1|353|1099|0|0|0|8797|720|1280
0|183|785|0|0|0|8824|720|1280
1|183|785|0|0|0|8829|720|1280
0|470|740|0|0|0|8833|720|1280
1|470|740|0|0|0|8838|720|1280
0|360|744|0|0|0|9062|720|1280
1|360|744|0|0|0|9067|720|1280
0|333|910|0|0|0|9072|720|1280
1|333|910|0|0|0|9077|720|1280
0|43|1237|0|0|0|9082|720|1280
1|43|1237|0|0|0|9087|720|1280
0|353|1099|0|0|0|9292|720|1280
1|353|1099|0|0|0|9297|720|1280
0|183|785|0|0|0|9338|720|1280
1|183|785|0|0|0|9343|720|1280
0|470|740|0|0|0|9348|720|1280
1|470|740|0|0|0|9353|720|1280
0|360|744|0|0|0|9581|720|1280
1|360|744|0|0|0|9586|720|1280
0|333|910|0|0|0|9591|720|1280
1|333|910|0|0|0|9596|720|1280
0|43|1237|0|0|0|9601|720|1280
1|43|1237|0|0|0|9606|720|1280
0|353|1099|0|0|0|9810|720|1280
1|353|1099|0|0|0|9815|720|1280
0|183|785|0|0|0|9842|720|1280
1|183|785|0|0|0|9847|720|1280
0|470|740|0|0|0|9852|720|1280
1|470|740|0|0|0|9857|720|1280
0|360|744|0|0|0|10077|720|1280
1|360|744|0|0|0|10082|720|1280
0|333|910|0|0|0|10087|720|1280
1|333|910|0|0|0|10092|720|1280
0|43|1237|0|0|0|10097|720|1280
1|43|1237|0|0|0|10102|720|1280
0|353|1099|0|0|0|10309|720|1280
1|353|1099|0|0|0|10314|720|1280
0|183|785|0|0|0|10352|720|1280
1|183|785|0|0|0|10357|720|1280
0|470|740|0|0|0|10362|720|1280
1|470|740|0|0|0|10367|720|1280
0|360|744|0|0|0|10591|720|1280
1|360|744|0|0|0|10596|720|1280
0|333|910|0|0|0|10601|720|1280
1|333|910|0|0|0|10606|720|1280
0|43|1237|0|0|0|10611|720|1280
1|43|1237|0|0|0|10616|720|1280
0|353|1099|0|0|0|10824|720|1280
1|353|1099|0|0|0|10829|720|1280
0|183|785|0|0|0|10852|720|1280
1|183|785|0|0|0|10857|720|1280
0|470|740|0|0|0|10862|720|1280
1|470|740|0|0|0|10867|720|1280
0|360|744|0|0|0|11085|720|1280
1|360|744|0|0|0|11090|720|1280
0|333|910|0|0|0|11095|720|1280
1|333|910|0|0|0|11100|720|1280
0|43|1237|0|0|0|11105|720|1280
1|43|1237|0|0|0|11110|720|1280
0|353|1099|0|0|0|11319|720|1280
1|353|1099|0|0|0|11324|720|1280
0|183|785|0|0|0|11366|720|1280
1|183|785|0|0|0|11371|720|1280
0|470|740|0|0|0|11376|720|1280
1|470|740|0|0|0|11381|720|1280
0|360|744|0|0|0|11601|720|1280
1|360|744|0|0|0|11606|720|1280
0|333|910|0|0|0|11611|720|1280
1|333|910|0|0|0|11616|720|1280
0|43|1237|0|0|0|11621|720|1280
1|43|1237|0|0|0|11626|720|1280
0|353|1099|0|0|0|11835|720|1280
1|353|1099|0|0|0|11840|720|1280
0|183|785|0|0|0|11871|720|1280
1|183|785|0|0|0|11876|720|1280
0|470|740|0|0|0|11881|720|1280
1|470|740|0|0|0|11886|720|1280
0|360|744|0|0|0|12100|720|1280
1|360|744|0|0|0|12105|720|1280
0|333|910|0|0|0|12110|720|1280
1|333|910|0|0|0|12115|720|1280
0|43|1237|0|0|0|12120|720|1280
1|43|1237|0|0|0|12125|720|1280
0|353|1099|0|0|0|12338|720|1280
1|353|1099|0|0|0|12343|720|1280
0|183|785|0|0|0|12380|720|1280
1|183|785|0|0|0|12385|720|1280
0|470|740|0|0|0|12390|720|1280
1|470|740|0|0|0|12395|720|1280
0|360|744|0|0|0|12620|720|1280
1|360|744|0|0|0|12625|720|1280
0|333|910|0|0|0|12630|720|1280
1|333|910|0|0|0|12635|720|1280
0|43|1237|0|0|0|12640|720|1280
1|43|1237|0|0|0|12645|720|1280
0|353|1099|0|0|0|12848|720|1280
1|353|1099|0|0|0|12853|720|1280
0|183|785|0|0|0|12884|720|1280
1|183|785|0|0|0|12889|720|1280
0|470|740|0|0|0|12894|720|1280
1|470|740|0|0|0|12899|720|1280
0|360|744|0|0|0|13118|720|1280
1|360|744|0|0|0|13124|720|1280
0|333|910|0|0|0|13128|720|1280
1|333|910|0|0|0|13133|720|1280
0|43|1237|0|0|0|13138|720|1280
1|43|1237|0|0|0|13143|720|1280
0|353|1099|0|0|0|13347|720|1280
1|353|1099|0|0|0|13351|720|1280
0|183|785|0|0|0|13394|720|1280
1|183|785|0|0|0|13399|720|1280
0|470|740|0|0|0|13404|720|1280
1|470|740|0|0|0|13409|720|1280
0|360|744|0|0|0|13632|720|1280
1|360|744|0|0|0|13637|720|1280
0|333|910|0|0|0|13642|720|1280
1|333|910|0|0|0|13647|720|1280
0|43|1237|0|0|0|13652|720|1280
1|43|1237|0|0|0|13657|720|1280
0|353|1099|0|0|0|13867|720|1280
1|353|1099|0|0|0|13872|720|1280
0|183|785|0|0|0|13893|720|1280
1|183|785|0|0|0|13898|720|1280
0|470|740|0|0|0|13903|720|1280
1|470|740|0|0|0|13908|720|1280
0|360|744|0|0|0|14128|720|1280
1|360|744|0|0|0|14133|720|1280
0|333|910|0|0|0|14138|720|1280
1|333|910|0|0|0|14143|720|1280
0|43|1237|0|0|0|14148|720|1280
1|43|1237|0|0|0|14153|720|1280
0|353|1099|0|0|0|14362|720|1280
1|353|1099|0|0|0|14367|720|1280
0|183|785|0|0|0|14408|720|1280
1|183|785|0|0|0|14413|720|1280
0|470|740|0|0|0|14418|720|1280
1|470|740|0|0|0|14423|720|1280
0|360|744|0|0|0|14643|720|1280
1|360|744|0|0|0|14648|720|1280
0|333|910|0|0|0|14653|720|1280
1|333|910|0|0|0|14658|720|1280
0|43|1237|0|0|0|14663|720|1280
1|43|1237|0|0|0|14668|720|1280
0|353|1099|0|0|0|14877|720|1280
1|353|1099|0|0|0|14882|720|1280
0|183|785|0|0|0|14909|720|1280
1|183|785|0|0|0|14914|720|1280
0|470|740|0|0|0|14919|720|1280
1|470|740|0|0|0|14924|720|1280
0|360|744|0|0|0|15150|720|1280
1|360|744|0|0|0|15155|720|1280
0|333|910|0|0|0|15160|720|1280
1|333|910|0|0|0|15165|720|1280
0|43|1237|0|0|0|15170|720|1280
1|43|1237|0|0|0|15175|720|1280
0|353|1099|0|0|0|15379|720|1280
1|353|1099|0|0|0|15384|720|1280
0|183|785|0|0|0|15422|720|1280
1|183|785|0|0|0|15427|720|1280
0|470|740|0|0|0|15432|720|1280
1|470|740|0|0|0|15437|720|1280
0|360|744|0|0|0|15657|720|1280
1|360|744|0|0|0|15662|720|1280
0|333|910|0|0|0|15667|720|1280
1|333|910|0|0|0|15672|720|1280
0|43|1237|0|0|0|15677|720|1280
1|43|1237|0|0|0|15682|720|1280
0|353|1099|0|0|0|15899|720|1280
1|353|1099|0|0|0|15904|720|1280
0|183|785|0|0|0|15925|720|1280
1|183|785|0|0|0|15930|720|1280
0|470|740|0|0|0|15935|720|1280
1|470|740|0|0|0|15940|720|1280
0|360|744|0|0|0|16155|720|1280
1|360|744|0|0|0|16160|720|1280
0|333|910|0|0|0|16165|720|1280
1|333|910|0|0|0|16170|720|1280
0|43|1237|0|0|0|16175|720|1280
1|43|1237|0|0|0|16180|720|1280
0|353|1099|0|0|0|16394|720|1280
1|353|1099|0|0|0|16399|720|1280
0|183|785|0|0|0|16436|720|1280
1|183|785|0|0|0|16441|720|1280
0|470|740|0|0|0|16446|720|1280
1|470|740|0|0|0|16451|720|1280
0|360|744|0|0|0|16674|720|1280
1|360|744|0|0|0|16679|720|1280
0|333|910|0|0|0|16684|720|1280
1|333|910|0|0|0|16689|720|1280
0|43|1237|0|0|0|16694|720|1280
1|43|1237|0|0|0|16699|720|1280
0|353|1099|0|0|0|16906|720|1280
1|353|1099|0|0|0|16911|720|1280
0|183|785|0|0|0|16936|720|1280
1|183|785|0|0|0|16941|720|1280
0|470|740|0|0|0|16946|720|1280
1|470|740|0|0|0|16951|720|1280
0|360|744|0|0|0|17169|720|1280
1|360|744|0|0|0|17174|720|1280
0|333|910|0|0|0|17179|720|1280
1|333|910|0|0|0|17184|720|1280
0|43|1237|0|0|0|17189|720|1280
1|43|1237|0|0|0|17194|720|1280
0|353|1099|0|0|0|17404|720|1280
1|353|1099|0|0|0|17409|720|1280
0|183|785|0|0|0|17450|720|1280
1|183|785|0|0|0|17455|720|1280
0|470|740|0|0|0|17460|720|1280
1|470|740|0|0|0|17465|720|1280
0|360|744|0|0|0|17685|720|1280
1|360|744|0|0|0|17690|720|1280
0|333|910|0|0|0|17695|720|1280
1|333|910|0|0|0|17700|720|1280
0|43|1237|0|0|0|17705|720|1280
1|43|1237|0|0|0|17710|720|1280
0|353|1099|0|0|0|17917|720|1280
1|353|1099|0|0|0|17922|720|1280
0|183|785|0|0|0|17957|720|1280
1|183|785|0|0|0|17963|720|1280
0|470|740|0|0|0|17967|720|1280
1|470|740|0|0|0|17972|720|1280
0|360|744|0|0|0|18190|720|1280
1|360|744|0|0|0|18195|720|1280
0|333|910|0|0|0|18199|720|1280
1|333|910|0|0|0|18205|720|1280
0|43|1237|0|0|0|18210|720|1280
1|43|1237|0|0|0|18215|720|1280
0|353|1099|0|0|0|18422|720|1280
1|353|1099|0|0|0|18428|720|1280
0|183|785|0|0|0|18464|720|1280
1|183|785|0|0|0|18469|720|1280
0|470|740|0|0|0|18474|720|1280
1|470|740|0|0|0|18479|720|1280
0|360|744|0|0|0|18707|720|1280
1|360|744|0|0|0|18712|720|1280
0|333|910|0|0|0|18717|720|1280
1|333|910|0|0|0|18722|720|1280
0|43|1237|0|0|0|18727|720|1280
1|43|1237|0|0|0|18732|720|1280
0|353|1099|0|0|0|18940|720|1280
1|353|1099|0|0|0|18945|720|1280
0|183|785|0|0|0|18964|720|1280
1|183|785|0|0|0|18969|720|1280
0|470|740|0|0|0|18974|720|1280
1|470|740|0|0|0|18979|720|1280
0|360|744|0|0|0|19200|720|1280
1|360|744|0|0|0|19205|720|1280
0|333|910|0|0|0|19210|720|1280
1|333|910|0|0|0|19215|720|1280
0|43|1237|0|0|0|19220|720|1280
1|43|1237|0|0|0|19225|720|1280
0|353|1099|0|0|0|19436|720|1280
1|353|1099|0|0|0|19441|720|1280
0|183|785|0|0|0|19478|720|1280
1|183|785|0|0|0|19483|720|1280
0|470|740|0|0|0|19488|720|1280
1|470|740|0|0|0|19493|720|1280
0|360|744|0|0|0|19712|720|1280
1|360|744|0|0|0|19717|720|1280
0|333|910|0|0|0|19722|720|1280
1|333|910|0|0|0|19727|720|1280
0|43|1237|0|0|0|19732|720|1280
1|43|1237|0|0|0|19737|720|1280
0|353|1099|0|0|0|19952|720|1280
1|353|1099|0|0|0|19956|720|1280
0|183|785|0|0|0|19978|720|1280
1|183|785|0|0|0|19983|720|1280
0|470|740|0|0|0|19988|720|1280
1|470|740|0|0|0|19993|720|1280
0|360|744|0|0|0|20211|720|1280
1|360|744|0|0|0|20216|720|1280
0|333|910|0|0|0|20221|720|1280
1|333|910|0|0|0|20226|720|1280
0|43|1237|0|0|0|20231|720|1280
1|43|1237|0|0|0|20236|720|1280
0|353|1099|0|0|0|20445|720|1280
1|353|1099|0|0|0|20450|720|1280
0|183|785|0|0|0|20492|720|1280
1|183|785|0|0|0|20497|720|1280
0|470|740|0|0|0|20502|720|1280
1|470|740|0|0|0|20507|720|1280
0|360|744|0|0|0|20726|720|1280
1|360|744|0|0|0|20731|720|1280
0|333|910|0|0|0|20736|720|1280
1|333|910|0|0|0|20741|720|1280
0|43|1237|0|0|0|20746|720|1280
1|43|1237|0|0|0|20751|720|1280
0|353|1099|0|0|0|20961|720|1280
1|353|1099|0|0|0|20966|720|1280
0|183|785|0|0|0|20991|720|1280
1|183|785|0|0|0|20996|720|1280
0|470|740|0|0|0|21001|720|1280
1|470|740|0|0|0|21006|720|1280
0|360|744|0|0|0|21230|720|1280
1|360|744|0|0|0|21235|720|1280
0|333|910|0|0|0|21240|720|1280
1|333|910|0|0|0|21245|720|1280
0|43|1237|0|0|0|21250|720|1280
1|43|1237|0|0|0|21255|720|1280
0|353|1099|0|0|0|21460|720|1280
1|353|1099|0|0|0|21464|720|1280
0|183|785|0|0|0|21506|720|1280
1|183|785|0|0|0|21510|720|1280
0|470|740|0|0|0|21515|720|1280
1|470|740|0|0|0|21520|720|1280
0|360|744|0|0|0|21749|720|1280
1|360|744|0|0|0|21754|720|1280
0|333|910|0|0|0|21759|720|1280
1|333|910|0|0|0|21764|720|1280
0|43|1237|0|0|0|21769|720|1280
1|43|1237|0|0|0|21774|720|1280
0|353|1099|0|0|0|21978|720|1280
1|353|1099|0|0|0|21982|720|1280
0|183|785|0|0|0|22010|720|1280
1|183|785|0|0|0|22015|720|1280
0|470|740|0|0|0|22020|720|1280
1|470|740|0|0|0|22025|720|1280
0|360|744|0|0|0|22245|720|1280
1|360|744|0|0|0|22250|720|1280
0|333|910|0|0|0|22255|720|1280
1|333|910|0|0|0|22260|720|1280
0|43|1237|0|0|0|22265|720|1280
1|43|1237|0|0|0|22270|720|1280
0|353|1099|0|0|0|22479|720|1280
1|353|1099|0|0|0|22484|720|1280
0|183|785|0|0|0|22520|720|1280
1|183|785|0|0|0|22525|720|1280
0|470|740|0|0|0|22530|720|1280
1|470|740|0|0|0|22535|720|1280
0|360|744|0|0|0|22759|720|1280
1|360|744|0|0|0|22764|720|1280
0|333|910|0|0|0|22769|720|1280
1|333|910|0|0|0|22774|720|1280
0|43|1237|0|0|0|22779|720|1280
1|43|1237|0|0|0|22784|720|1280
0|353|1099|0|0|0|22992|720|1280
1|353|1099|0|0|0|22997|720|1280
0|183|785|0|0|0|23020|720|1280
1|183|785|0|0|0|23025|720|1280
0|470|740|0|0|0|23030|720|1280
1|470|740|0|0|0|23035|720|1280
0|360|744|0|0|0|23253|720|1280
1|360|744|0|0|0|23258|720|1280
0|333|910|0|0|0|23263|720|1280
1|333|910|0|0|0|23268|720|1280
0|43|1237|0|0|0|23273|720|1280
1|43|1237|0|0|0|23278|720|1280
0|353|1099|0|0|0|23488|720|1280
1|353|1099|0|0|0|23493|720|1280
0|183|785|0|0|0|23534|720|1280
1|183|785|0|0|0|23539|720|1280
0|470|740|0|0|0|23544|720|1280
1|470|740|0|0|0|23549|720|1280
0|360|744|0|0|0|23769|720|1280
1|360|744|0|0|0|23774|720|1280
0|333|910|0|0|0|23779|720|1280
1|333|910|0|0|0|23784|720|1280
0|43|1237|0|0|0|23789|720|1280
1|43|1237|0|0|0|23794|720|1280
0|353|1099|0|0|0|24003|720|1280
1|353|1099|0|0|0|24008|720|1280
0|183|785|0|0|0|24039|720|1280
1|183|785|0|0|0|24044|720|1280
0|470|740|0|0|0|24049|720|1280
1|470|740|0|0|0|24054|720|1280
0|360|744|0|0|0|24269|720|1280
1|360|744|0|0|0|24274|720|1280
0|333|910|0|0|0|24279|720|1280
1|333|910|0|0|0|24284|720|1280
0|43|1237|0|0|0|24289|720|1280
1|43|1237|0|0|0|24294|720|1280
0|353|1099|0|0|0|24506|720|1280
1|353|1099|0|0|0|24511|720|1280
0|183|785|0|0|0|24548|720|1280
1|183|785|0|0|0|24553|720|1280
0|470|740|0|0|0|24558|720|1280
1|470|740|0|0|0|24563|720|1280
0|360|744|0|0|0|24788|720|1280
1|360|744|0|0|0|24793|720|1280
0|333|910|0|0|0|24798|720|1280
1|333|910|0|0|0|24803|720|1280
0|43|1237|0|0|0|24808|720|1280
1|43|1237|0|0|0|24813|720|1280
0|353|1099|0|0|0|25016|720|1280
1|353|1099|0|0|0|25021|720|1280
0|183|785|0|0|0|25052|720|1280
1|183|785|0|0|0|25057|720|1280
0|470|740|0|0|0|25062|720|1280
1|470|740|0|0|0|25067|720|1280
0|360|744|0|0|0|25286|720|1280
1|360|744|0|0|0|25291|720|1280
0|333|910|0|0|0|25296|720|1280
1|333|910|0|0|0|25301|720|1280
0|43|1237|0|0|0|25306|720|1280
1|43|1237|0|0|0|25311|720|1280
0|353|1099|0|0|0|25515|720|1280
1|353|1099|0|0|0|25520|720|1280
0|183|785|0|0|0|25562|720|1280
1|183|785|0|0|0|25567|720|1280
0|470|740|0|0|0|25572|720|1280
1|470|740|0|0|0|25577|720|1280
0|360|744|0|0|0|25800|720|1280
1|360|744|0|0|0|25805|720|1280
0|333|910|0|0|0|25810|720|1280
1|333|910|0|0|0|25815|720|1280
0|43|1237|0|0|0|25820|720|1280
1|43|1237|0|0|0|25825|720|1280
0|353|1099|0|0|0|26035|720|1280
1|353|1099|0|0|0|26040|720|1280
0|183|785|0|0|0|26061|720|1280
1|183|785|0|0|0|26066|720|1280
0|470|740|0|0|0|26071|720|1280
1|470|740|0|0|0|26076|720|1280
0|360|744|0|0|0|26295|720|1280
1|360|744|0|0|0|26300|720|1280
0|333|910|0|0|0|26305|720|1280
1|333|910|0|0|0|26310|720|1280
0|43|1237|0|0|0|26315|720|1280
1|43|1237|0|0|0|26320|720|1280
0|353|1099|0|0|0|26531|720|1280
1|353|1099|0|0|0|26535|720|1280
0|183|785|0|0|0|26576|720|1280
1|183|785|0|0|0|26581|720|1280
0|470|740|0|0|0|26585|720|1280
1|470|740|0|0|0|26590|720|1280
0|360|744|0|0|0|26811|720|1280
1|360|744|0|0|0|26816|720|1280
0|333|910|0|0|0|26820|720|1280
1|333|910|0|0|0|26825|720|1280
0|43|1237|0|0|0|26831|720|1280
1|43|1237|0|0|0|26835|720|1280
0|353|1099|0|0|0|27043|720|1280
1|353|1099|0|0|0|27048|720|1280
0|183|785|0|0|0|27076|720|1280
1|183|785|0|0|0|27081|720|1280
0|470|740|0|0|0|27086|720|1280
1|470|740|0|0|0|27090|720|1280
0|360|744|0|0|0|27318|720|1280
1|360|744|0|0|0|27323|720|1280
0|333|910|0|0|0|27328|720|1280
1|333|910|0|0|0|27333|720|1280
0|43|1237|0|0|0|27338|720|1280
1|43|1237|0|0|0|27343|720|1280
0|353|1099|0|0|0|27547|720|1280
1|353|1099|0|0|0|27552|720|1280
0|183|785|0|0|0|27590|720|1280
1|183|785|0|0|0|27595|720|1280
0|470|740|0|0|0|27600|720|1280
1|470|740|0|0|0|27605|720|1280
0|360|744|0|0|0|27825|720|1280
1|360|744|0|0|0|27830|720|1280
0|333|910|0|0|0|27835|720|1280
1|333|910|0|0|0|27840|720|1280
0|43|1237|0|0|0|27845|720|1280
1|43|1237|0|0|0|27850|720|1280
0|353|1099|0|0|0|28066|720|1280
1|353|1099|0|0|0|28071|720|1280
0|183|785|0|0|0|28095|720|1280
1|183|785|0|0|0|28100|720|1280
0|470|740|0|0|0|28105|720|1280
1|470|740|0|0|0|28110|720|1280
0|360|744|0|0|0|28324|720|1280
1|360|744|0|0|0|28329|720|1280
0|333|910|0|0|0|28334|720|1280
1|333|910|0|0|0|28339|720|1280
0|43|1237|0|0|0|28344|720|1280
1|43|1237|0|0|0|28349|720|1280
0|353|1099|0|0|0|28562|720|1280
1|353|1099|0|0|0|28567|720|1280
0|183|785|0|0|0|28604|720|1280
1|183|785|0|0|0|28608|720|1280
0|470|740|0|0|0|28613|720|1280
1|470|740|0|0|0|28618|720|1280
0|360|744|0|0|0|28843|720|1280
1|360|744|0|0|0|28848|720|1280
0|333|910|0|0|0|28853|720|1280
1|333|910|0|0|0|28858|720|1280
0|43|1237|0|0|0|28863|720|1280
1|43|1237|0|0|0|28868|720|1280
0|353|1099|0|0|0|29072|720|1280
1|353|1099|0|0|0|29076|720|1280
0|183|785|0|0|0|29104|720|1280
1|183|785|0|0|0|29109|720|1280
0|470|740|0|0|0|29114|720|1280
1|470|740|0|0|0|29119|720|1280
0|360|744|0|0|0|29338|720|1280
1|360|744|0|0|0|29343|720|1280
0|333|910|0|0|0|29348|720|1280
1|333|910|0|0|0|29353|720|1280
0|43|1237|0|0|0|29358|720|1280
1|43|1237|0|0|0|29363|720|1280
0|353|1099|0|0|0|29572|720|1280
1|353|1099|0|0|0|29576|720|1280
0|183|785|0|0|0|29618|720|1280
1|183|785|0|0|0|29622|720|1280
0|470|740|0|0|0|29627|720|1280
1|470|740|0|0|0|29632|720|1280
0|360|744|0|0|0|29853|720|1280
1|360|744|0|0|0|29858|720|1280
0|333|910|0|0|0|29863|720|1280
1|333|910|0|0|0|29868|720|1280
0|43|1237|0|0|0|29873|720|1280
1|43|1237|0|0|0|29878|720|1280
0|353|1099|0|0|0|30086|720|1280
1|353|1099|0|0|0|30090|720|1280
0|183|785|0|0|0|30126|720|1280
1|183|785|0|0|0|30131|720|1280
0|470|740|0|0|0|30136|720|1280
1|470|740|0|0|0|30141|720|1280
0|360|744|0|0|0|30358|720|1280
1|360|744|0|0|0|30363|720|1280
0|333|910|0|0|0|30368|720|1280
1|333|910|0|0|0|30373|720|1280
0|43|1237|0|0|0|30378|720|1280
1|43|1237|0|0|0|30383|720|1280
0|353|1099|0|0|0|30590|720|1280
1|353|1099|0|0|0|30594|720|1280
0|183|785|0|0|0|30632|720|1280
1|183|785|0|0|0|30636|720|1280
0|470|740|0|0|0|30641|720|1280
1|470|740|0|0|0|30646|720|1280
0|360|744|0|0|0|30875|720|1280
1|360|744|0|0|0|30880|720|1280
0|333|910|0|0|0|30885|720|1280
1|333|910|0|0|0|30890|720|1280
0|43|1237|0|0|0|30895|720|1280
1|43|1237|0|0|0|30900|720|1280
0|353|1099|0|0|0|31109|720|1280
1|353|1099|0|0|0|31114|720|1280
0|183|785|0|0|0|31147|720|1280
1|183|785|0|0|0|31152|720|1280
0|470|740|0|0|0|31157|720|1280
1|470|740|0|0|0|31162|720|1280
0|360|744|0|0|0|31381|720|1280
1|360|744|0|0|0|31387|720|1280
0|333|910|0|0|0|31391|720|1280
1|333|910|0|0|0|31397|720|1280
0|43|1237|0|0|0|31401|720|1280
1|43|1237|0|0|0|31407|720|1280
0|353|1099|0|0|0|31623|720|1280
1|353|1099|0|0|0|31628|720|1280
0|183|785|0|0|0|31651|720|1280
1|183|785|0|0|0|31656|720|1280
0|470|740|0|0|0|31661|720|1280
1|470|740|0|0|0|31666|720|1280
0|360|744|0|0|0|31880|720|1280
1|360|744|0|0|0|31885|720|1280
0|333|910|0|0|0|31890|720|1280
1|333|910|0|0|0|31895|720|1280
0|43|1237|0|0|0|31900|720|1280
1|43|1237|0|0|0|31905|720|1280
0|353|1099|0|0|0|32119|720|1280
1|353|1099|0|0|0|32124|720|1280
0|183|785|0|0|0|32161|720|1280
1|183|785|0|0|0|32166|720|1280
0|470|740|0|0|0|32171|720|1280
1|470|740|0|0|0|32176|720|1280
0|360|744|0|0|0|32399|720|1280
1|360|744|0|0|0|32404|720|1280
0|333|910|0|0|0|32409|720|1280
1|333|910|0|0|0|32414|720|1280
0|43|1237|0|0|0|32419|720|1280
1|43|1237|0|0|0|32424|720|1280
0|353|1099|0|0|0|32628|720|1280
1|353|1099|0|0|0|32633|720|1280
0|183|785|0|0|0|32660|720|1280
1|183|785|0|0|0|32665|720|1280
0|470|740|0|0|0|32670|720|1280
1|470|740|0|0|0|32675|720|1280
0|360|744|0|0|0|32894|720|1280
1|360|744|0|0|0|32899|720|1280
0|333|910|0|0|0|32904|720|1280
1|333|910|0|0|0|32909|720|1280
0|43|1237|0|0|0|32914|720|1280
1|43|1237|0|0|0|32919|720|1280
0|353|1099|0|0|0|33129|720|1280
1|353|1099|0|0|0|33134|720|1280
0|183|785|0|0|0|33175|720|1280
1|183|785|0|0|0|33180|720|1280
0|470|740|0|0|0|33185|720|1280
1|470|740|0|0|0|33190|720|1280
0|360|744|0|0|0|33408|720|1280
1|360|744|0|0|0|33413|720|1280
0|333|910|0|0|0|33418|720|1280
1|333|910|0|0|0|33423|720|1280
0|43|1237|0|0|0|33428|720|1280
1|43|1237|0|0|0|33433|720|1280
0|353|1099|0|0|0|33643|720|1280
1|353|1099|0|0|0|33648|720|1280
0|183|785|0|0|0|33683|720|1280
1|183|785|0|0|0|33688|720|1280
0|470|740|0|0|0|33693|720|1280
1|470|740|0|0|0|33698|720|1280
0|360|744|0|0|0|33917|720|1280
1|360|744|0|0|0|33922|720|1280
0|333|910|0|0|0|33927|720|1280
1|333|910|0|0|0|33932|720|1280
0|43|1237|0|0|0|33937|720|1280
1|43|1237|0|0|0|33942|720|1280
0|353|1099|0|0|0|34146|720|1280
1|353|1099|0|0|0|34151|720|1280
0|183|785|0|0|0|34188|720|1280
1|183|785|0|0|0|34193|720|1280
0|470|740|0|0|0|34198|720|1280
1|470|740|0|0|0|34203|720|1280
0|360|744|0|0|0|34431|720|1280
1|360|744|0|0|0|34436|720|1280
0|333|910|0|0|0|34441|720|1280
1|333|910|0|0|0|34446|720|1280
0|43|1237|0|0|0|34451|720|1280
1|43|1237|0|0|0|34456|720|1280
0|353|1099|0|0|0|34665|720|1280
1|353|1099|0|0|0|34670|720|1280
0|183|785|0|0|0|34688|720|1280
1|183|785|0|0|0|34693|720|1280
0|470|740|0|0|0|34698|720|1280
1|470|740|0|0|0|34703|720|1280
0|360|744|0|0|0|34928|720|1280
1|360|744|0|0|0|34932|720|1280
0|333|910|0|0|0|34937|720|1280
1|333|910|0|0|0|34942|720|1280
0|43|1237|0|0|0|34947|720|1280
1|43|1237|0|0|0|34952|720|1280
0|353|1099|0|0|0|35161|720|1280
1|353|1099|0|0|0|35166|720|1280
0|183|785|0|0|0|35202|720|1280
1|183|785|0|0|0|35208|720|1280
0|470|740|0|0|0|35212|720|1280
1|470|740|0|0|0|35217|720|1280
0|360|744|0|0|0|35437|720|1280
1|360|744|0|0|0|35442|720|1280
0|333|910|0|0|0|35447|720|1280
1|333|910|0|0|0|35452|720|1280
0|43|1237|0|0|0|35457|720|1280
1|43|1237|0|0|0|35462|720|1280
0|353|1099|0|0|0|35675|720|1280
1|353|1099|0|0|0|35680|720|1280
0|183|785|0|0|0|35702|720|1280
1|183|785|0|0|0|35707|720|1280
0|470|740|0|0|0|35711|720|1280
1|470|740|0|0|0|35717|720|1280
0|360|744|0|0|0|35937|720|1280
1|360|744|0|0|0|35942|720|1280
0|333|910|0|0|0|35947|720|1280
1|333|910|0|0|0|35952|720|1280
0|43|1237|0|0|0|35957|720|1280
1|43|1237|0|0|0|35962|720|1280
0|353|1099|0|0|0|36170|720|1280
1|353|1099|0|0|0|36175|720|1280
0|183|785|0|0|0|36216|720|1280
1|183|785|0|0|0|36222|720|1280
0|470|740|0|0|0|36227|720|1280
1|470|740|0|0|0|36232|720|1280
0|360|744|0|0|0|36451|720|1280
1|360|744|0|0|0|36456|720|1280
0|333|910|0|0|0|36461|720|1280
1|333|910|0|0|0|36466|720|1280
0|43|1237|0|0|0|36471|720|1280
1|43|1237|0|0|0|36476|720|1280
0|353|1099|0|0|0|36685|720|1280
1|353|1099|0|0|0|36690|720|1280
0|183|785|0|0|0|36716|720|1280
1|183|785|0|0|0|36721|720|1280
0|470|740|0|0|0|36726|720|1280
1|470|740|0|0|0|36731|720|1280
0|360|744|0|0|0|36955|720|1280
1|360|744|0|0|0|36960|720|1280
0|333|910|0|0|0|36965|720|1280
1|333|910|0|0|0|36970|720|1280
0|43|1237|0|0|0|36975|720|1280
1|43|1237|0|0|0|36980|720|1280
0|353|1099|0|0|0|37185|720|1280
1|353|1099|0|0|0|37190|720|1280
0|183|785|0|0|0|37231|720|1280
1|183|785|0|0|0|37235|720|1280
0|470|740|0|0|0|37240|720|1280
1|470|740|0|0|0|37245|720|1280
0|360|744|0|0|0|37474|720|1280
1|360|744|0|0|0|37479|720|1280
0|333|910|0|0|0|37484|720|1280
1|333|910|0|0|0|37489|720|1280
0|43|1237|0|0|0|37494|720|1280
1|43|1237|0|0|0|37499|720|1280
0|353|1099|0|0|0|37703|720|1280
1|353|1099|0|0|0|37707|720|1280
0|183|785|0|0|0|37735|720|1280
1|183|785|0|0|0|37740|720|1280
0|470|740|0|0|0|37745|720|1280
1|470|740|0|0|0|37750|720|1280
0|360|744|0|0|0|37968|720|1280
1|360|744|0|0|0|37973|720|1280
0|333|910|0|0|0|37978|720|1280
1|333|910|0|0|0|37983|720|1280
0|43|1237|0|0|0|37988|720|1280
1|43|1237|0|0|0|37993|720|1280
0|353|1099|0|0|0|38202|720|1280
1|353|1099|0|0|0|38206|720|1280
0|183|785|0|0|0|38245|720|1280
1|183|785|0|0|0|38250|720|1280
0|470|740|0|0|0|38255|720|1280
1|470|740|0|0|0|38260|720|1280
0|360|744|0|0|0|38484|720|1280
1|360|744|0|0|0|38489|720|1280
0|333|910|0|0|0|38494|720|1280
1|333|910|0|0|0|38499|720|1280
0|43|1237|0|0|0|38504|720|1280
1|43|1237|0|0|0|38509|720|1280
0|353|1099|0|0|0|38718|720|1280
1|353|1099|0|0|0|38723|720|1280
0|183|785|0|0|0|38744|720|1280
1|183|785|0|0|0|38749|720|1280
0|470|740|0|0|0|38754|720|1280
1|470|740|0|0|0|38759|720|1280
0|360|744|0|0|0|38979|720|1280
1|360|744|0|0|0|38984|720|1280
0|333|910|0|0|0|38989|720|1280
1|333|910|0|0|0|38994|720|1280
0|43|1237|0|0|0|38999|720|1280
1|43|1237|0|0|0|39004|720|1280
0|353|1099|0|0|0|39211|720|1280
1|353|1099|0|0|0|39216|720|1280
0|183|785|0|0|0|39259|720|1280
1|183|785|0|0|0|39264|720|1280
0|470|740|0|0|0|39269|720|1280
1|470|740|0|0|0|39274|720|1280
0|360|744|0|0|0|39493|720|1280
1|360|744|0|0|0|39498|720|1280
0|333|910|0|0|0|39502|720|1280
1|333|910|0|0|0|39507|720|1280
0|43|1237|0|0|0|39512|720|1280
1|43|1237|0|0|0|39517|720|1280
0|353|1099|0|0|0|39727|720|1280
1|353|1099|0|0|0|39732|720|1280
0|183|785|0|0|0|39763|720|1280
1|183|785|0|0|0|39769|720|1280
0|470|740|0|0|0|39773|720|1280
1|470|740|0|0|0|39778|720|1280
0|360|744|0|0|0|39994|720|1280
1|360|744|0|0|0|39999|720|1280
0|333|910|0|0|0|40003|720|1280
1|333|910|0|0|0|40008|720|1280
0|43|1237|0|0|0|40013|720|1280
1|43|1237|0|0|0|40018|720|1280
0|353|1099|0|0|0|40234|720|1280
1|353|1099|0|0|0|40239|720|1280
0|183|785|0|0|0|40273|720|1280
1|183|785|0|0|0|40278|720|1280
0|470|740|0|0|0|40283|720|1280
1|470|740|0|0|0|40288|720|1280
0|360|744|0|0|0|40511|720|1280
1|360|744|0|0|0|40516|720|1280
0|333|910|0|0|0|40521|720|1280
1|333|910|0|0|0|40526|720|1280
0|43|1237|0|0|0|40531|720|1280
1|43|1237|0|0|0|40536|720|1280
0|353|1099|0|0|0|40741|720|1280
1|353|1099|0|0|0|40746|720|1280
0|183|785|0|0|0|40773|720|1280
1|183|785|0|0|0|40778|720|1280
0|470|740|0|0|0|40783|720|1280
1|470|740|0|0|0|40788|720|1280
0|360|744|0|0|0|41012|720|1280
1|360|744|0|0|0|41017|720|1280
0|333|910|0|0|0|41022|720|1280
1|333|910|0|0|0|41027|720|1280
0|43|1237|0|0|0|41032|720|1280
1|43|1237|0|0|0|41037|720|1280
0|353|1099|0|0|0|41239|720|1280
1|353|1099|0|0|0|41244|720|1280
0|183|785|0|0|0|41287|720|1280
1|183|785|0|0|0|41292|720|1280
0|470|740|0|0|0|41297|720|1280
1|470|740|0|0|0|41302|720|1280
0|360|744|0|0|0|41525|720|1280
1|360|744|0|0|0|41530|720|1280
0|333|910|0|0|0|41535|720|1280
1|333|910|0|0|0|41540|720|1280
0|43|1237|0|0|0|41545|720|1280
1|43|1237|0|0|0|41550|720|1280
0|353|1099|0|0|0|41760|720|1280
1|353|1099|0|0|0|41765|720|1280
0|183|785|0|0|0|41786|720|1280
1|183|785|0|0|0|41791|720|1280
0|470|740|0|0|0|41796|720|1280
1|470|740|0|0|0|41801|720|1280
0|360|744|0|0|0|42022|720|1280
1|360|744|0|0|0|42027|720|1280
0|333|910|0|0|0|42032|720|1280
1|333|910|0|0|0|42037|720|1280
0|43|1237|0|0|0|42042|720|1280
1|43|1237|0|0|0|42047|720|1280
0|353|1099|0|0|0|42254|720|1280
1|353|1099|0|0|0|42258|720|1280
0|183|785|0|0|0|42301|720|1280
1|183|785|0|0|0|42306|720|1280
0|470|740|0|0|0|42311|720|1280
1|470|740|0|0|0|42316|720|1280
0|360|744|0|0|0|42535|720|1280
1|360|744|0|0|0|42540|720|1280
0|333|910|0|0|0|42545|720|1280
1|333|910|0|0|0|42550|720|1280
0|43|1237|0|0|0|42555|720|1280
1|43|1237|0|0|0|42560|720|1280
0|353|1099|0|0|0|42770|720|1280
1|353|1099|0|0|0|42774|720|1280
0|183|785|0|0|0|42802|720|1280
1|183|785|0|0|0|42807|720|1280
0|470|740|0|0|0|42812|720|1280
1|470|740|0|0|0|42817|720|1280
0|360|744|0|0|0|43034|720|1280
1|360|744|0|0|0|43039|720|1280
0|333|910|0|0|0|43044|720|1280
1|333|910|0|0|0|43049|720|1280
0|43|1237|0|0|0|43054|720|1280
1|43|1237|0|0|0|43059|720|1280
0|353|1099|0|0|0|43277|720|1280
1|353|1099|0|0|0|43281|720|1280
0|183|785|0|0|0|43315|720|1280
1|183|785|0|0|0|43320|720|1280
0|470|740|0|0|0|43325|720|1280
1|470|740|0|0|0|43330|720|1280
0|360|744|0|0|0|43549|720|1280
1|360|744|0|0|0|43554|720|1280
0|333|910|0|0|0|43559|720|1280
1|333|910|0|0|0|43564|720|1280
0|43|1237|0|0|0|43569|720|1280
1|43|1237|0|0|0|43574|720|1280
0|353|1099|0|0|0|43786|720|1280
1|353|1099|0|0|0|43790|720|1280
0|183|785|0|0|0|43818|720|1280
1|183|785|0|0|0|43823|720|1280
0|470|740|0|0|0|43828|720|1280
1|470|740|0|0|0|43833|720|1280
0|360|744|0|0|0|44048|720|1280
1|360|744|0|0|0|44053|720|1280
0|333|910|0|0|0|44058|720|1280
1|333|910|0|0|0|44063|720|1280
0|43|1237|0|0|0|44068|720|1280
1|43|1237|0|0|0|44073|720|1280
0|353|1099|0|0|0|44287|720|1280
1|353|1099|0|0|0|44291|720|1280
0|183|785|0|0|0|44329|720|1280
1|183|785|0|0|0|44334|720|1280
0|470|740|0|0|0|44338|720|1280
1|470|740|0|0|0|44343|720|1280
0|360|744|0|0|0|44567|720|1280
1|360|744|0|0|0|44572|720|1280
0|333|910|0|0|0|44577|720|1280
1|333|910|0|0|0|44582|720|1280
0|43|1237|0|0|0|44587|720|1280
1|43|1237|0|0|0|44592|720|1280
0|353|1099|0|0|0|44799|720|1280
1|353|1099|0|0|0|44804|720|1280
0|183|785|0|0|0|44829|720|1280
1|183|785|0|0|0|44834|720|1280
0|470|740|0|0|0|44839|720|1280
1|470|740|0|0|0|44844|720|1280
0|360|744|0|0|0|45062|720|1280
1|360|744|0|0|0|45067|720|1280
0|333|910|0|0|0|45072|720|1280
1|333|910|0|0|0|45077|720|1280
0|43|1237|0|0|0|45082|720|1280
1|43|1237|0|0|0|45087|720|1280
0|353|1099|0|0|0|45296|720|1280
1|353|1099|0|0|0|45301|720|1280
0|183|785|0|0|0|45342|720|1280
1|183|785|0|0|0|45347|720|1280
0|470|740|0|0|0|45352|720|1280
1|470|740|0|0|0|45357|720|1280
0|360|744|0|0|0|45576|720|1280
1|360|744|0|0|0|45581|720|1280
0|333|910|0|0|0|45586|720|1280
1|333|910|0|0|0|45591|720|1280
0|43|1237|0|0|0|45596|720|1280
1|43|1237|0|0|0|45601|720|1280
0|353|1099|0|0|0|45811|720|1280
1|353|1099|0|0|0|45815|720|1280
0|183|785|0|0|0|45847|720|1280
1|183|785|0|0|0|45852|720|1280
0|470|740|0|0|0|45857|720|1280
1|470|740|0|0|0|45862|720|1280
0|360|744|0|0|0|46076|720|1280
1|360|744|0|0|0|46081|720|1280
0|333|910|0|0|0|46086|720|1280
1|333|910|0|0|0|46091|720|1280
0|43|1237|0|0|0|46096|720|1280
1|43|1237|0|0|0|46101|720|1280
0|353|1099|0|0|0|46315|720|1280
1|353|1099|0|0|0|46319|720|1280
0|183|785|0|0|0|46357|720|1280
1|183|785|0|0|0|46362|720|1280
0|470|740|0|0|0|46367|720|1280
1|470|740|0|0|0|46372|720|1280
0|360|744|0|0|0|46600|720|1280
1|360|744|0|0|0|46605|720|1280
0|333|910|0|0|0|46610|720|1280
1|333|910|0|0|0|46615|720|1280
0|43|1237|0|0|0|46620|720|1280
1|43|1237|0|0|0|46625|720|1280
0|353|1099|0|0|0|46834|720|1280
1|353|1099|0|0|0|46838|720|1280
0|183|785|0|0|0|46858|720|1280
1|183|785|0|0|0|46863|720|1280
0|470|740|0|0|0|46868|720|1280
1|470|740|0|0|0|46873|720|1280
0|360|744|0|0|0|47095|720|1280
1|360|744|0|0|0|47100|720|1280
0|333|910|0|0|0|47105|720|1280
1|333|910|0|0|0|47110|720|1280
0|43|1237|0|0|0|47115|720|1280
1|43|1237|0|0|0|47120|720|1280
0|353|1099|0|0|0|47328|720|1280
1|353|1099|0|0|0|47332|720|1280
0|183|785|0|0|0|47371|720|1280
1|183|785|0|0|0|47376|720|1280
0|470|740|0|0|0|47381|720|1280
1|470|740|0|0|0|47386|720|1280
0|360|744|0|0|0|47605|720|1280
1|360|744|0|0|0|47610|720|1280
0|333|910|0|0|0|47615|720|1280
1|333|910|0|0|0|47620|720|1280
0|43|1237|0|0|0|47625|720|1280
1|43|1237|0|0|0|47630|720|1280
0|353|1099|0|0|0|47843|720|1280
1|353|1099|0|0|0|47847|720|1280
0|183|785|0|0|0|47871|720|1280
1|183|785|0|0|0|47876|720|1280
0|470|740|0|0|0|47881|720|1280
1|470|740|0|0|0|47886|720|1280
0|360|744|0|0|0|48104|720|1280
1|360|744|0|0|0|48109|720|1280
0|333|910|0|0|0|48114|720|1280
1|333|910|0|0|0|48119|720|1280
0|43|1237|0|0|0|48124|720|1280
1|43|1237|0|0|0|48129|720|1280
0|353|1099|0|0|0|48339|720|1280
1|353|1099|0|0|0|48343|720|1280
0|183|785|0|0|0|48385|720|1280
1|183|785|0|0|0|48389|720|1280
0|470|740|0|0|0|48394|720|1280
1|470|740|0|0|0|48399|720|1280
0|360|744|0|0|0|48619|720|1280
1|360|744|0|0|0|48624|720|1280
0|333|910|0|0|0|48629|720|1280
1|333|910|0|0|0|48634|720|1280
0|43|1237|0|0|0|48639|720|1280
1|43|1237|0|0|0|48644|720|1280
0|353|1099|0|0|0|48853|720|1280
1|353|1099|0|0|0|48857|720|1280
0|183|785|0|0|0|48893|720|1280
1|183|785|0|0|0|48898|720|1280
0|470|740|0|0|0|48902|720|1280
1|470|740|0|0|0|48907|720|1280
0|360|744|0|0|0|49123|720|1280
1|360|744|0|0|0|49128|720|1280
0|333|910|0|0|0|49133|720|1280
1|333|910|0|0|0|49138|720|1280
0|43|1237|0|0|0|49143|720|1280
1|43|1237|0|0|0|49148|720|1280
0|353|1099|0|0|0|49353|720|1280
1|353|1099|0|0|0|49359|720|1280
0|183|785|0|0|0|49398|720|1280
1|183|785|0|0|0|49403|720|1280
0|470|740|0|0|0|49408|720|1280
1|470|740|0|0|0|49413|720|1280
0|360|744|0|0|0|49641|720|1280
1|360|744|0|0|0|49646|720|1280
0|333|910|0|0|0|49651|720|1280
1|333|910|0|0|0|49656|720|1280
0|43|1237|0|0|0|49661|720|1280
1|43|1237|0|0|0|49666|720|1280
0|353|1099|0|0|0|49873|720|1280
1|353|1099|0|0|0|49878|720|1280
0|183|785|0|0|0|49903|720|1280
1|183|785|0|0|0|49908|720|1280
0|470|740|0|0|0|49913|720|1280
1|470|740|0|0|0|49918|720|1280
0|360|744|0|0|0|50137|720|1280
1|360|744|0|0|0|50142|720|1280
0|333|910|0|0|0|50147|720|1280
1|333|910|0|0|0|50152|720|1280
0|43|1237|0|0|0|50157|720|1280
1|43|1237|0|0|0|50162|720|1280
0|353|1099|0|0|0|50371|720|1280
1|353|1099|0|0|0|50376|720|1280
0|183|785|0|0|0|50412|720|1280
1|183|785|0|0|0|50417|720|1280
0|470|740|0|0|0|50422|720|1280
1|470|740|0|0|0|50427|720|1280
0|360|744|0|0|0|50652|720|1280
1|360|744|0|0|0|50657|720|1280
0|333|910|0|0|0|50662|720|1280
1|333|910|0|0|0|50667|720|1280
0|43|1237|0|0|0|50672|720|1280
1|43|1237|0|0|0|50677|720|1280
0|353|1099|0|0|0|50885|720|1280
1|353|1099|0|0|0|50890|720|1280
0|183|785|0|0|0|50911|720|1280
1|183|785|0|0|0|50916|720|1280
0|470|740|0|0|0|50921|720|1280
1|470|740|0|0|0|50926|720|1280
0|360|744|0|0|0|51146|720|1280
1|360|744|0|0|0|51151|720|1280
0|333|910|0|0|0|51156|720|1280
1|333|910|0|0|0|51161|720|1280
0|43|1237|0|0|0|51166|720|1280
1|43|1237|0|0|0|51171|720|1280
0|353|1099|0|0|0|51380|720|1280
1|353|1099|0|0|0|51385|720|1280
0|183|785|0|0|0|51426|720|1280
1|183|785|0|0|0|51431|720|1280
0|470|740|0|0|0|51436|720|1280
1|470|740|0|0|0|51441|720|1280
0|360|744|0|0|0|51661|720|1280
1|360|744|0|0|0|51666|720|1280
0|333|910|0|0|0|51671|720|1280
1|333|910|0|0|0|51676|720|1280
0|43|1237|0|0|0|51681|720|1280
1|43|1237|0|0|0|51686|720|1280
0|353|1099|0|0|0|51895|720|1280
1|353|1099|0|0|0|51900|720|1280
0|183|785|0|0|0|51931|720|1280
1|183|785|0|0|0|51936|720|1280
0|470|740|0|0|0|51941|720|1280
1|470|740|0|0|0|51946|720|1280
0|360|744|0|0|0|52161|720|1280
1|360|744|0|0|0|52166|720|1280
0|333|910|0|0|0|52171|720|1280
1|333|910|0|0|0|52176|720|1280
0|43|1237|0|0|0|52181|720|1280
1|43|1237|0|0|0|52186|720|1280
0|353|1099|0|0|0|52393|720|1280
1|353|1099|0|0|0|52398|720|1280
0|183|785|0|0|0|52440|720|1280
1|183|785|0|0|0|52445|720|1280
0|470|740|0|0|0|52450|720|1280
1|470|740|0|0|0|52455|720|1280
0|360|744|0|0|0|52678|720|1280
1|360|744|0|0|0|52684|720|1280
0|333|910|0|0|0|52688|720|1280
1|333|910|0|0|0|52693|720|1280
0|43|1237|0|0|0|52698|720|1280
1|43|1237|0|0|0|52703|720|1280
0|353|1099|0|0|0|52909|720|1280
1|353|1099|0|0|0|52914|720|1280
0|183|785|0|0|0|52945|720|1280
1|183|785|0|0|0|52951|720|1280
0|470|740|0|0|0|52955|720|1280
1|470|740|0|0|0|52960|720|1280
0|360|744|0|0|0|53176|720|1280
1|360|744|0|0|0|53181|720|1280
0|333|910|0|0|0|53185|720|1280
1|333|910|0|0|0|53190|720|1280
0|43|1237|0|0|0|53195|720|1280
1|43|1237|0|0|0|53200|720|1280
0|353|1099|0|0|0|53408|720|1280
1|353|1099|0|0|0|53414|720|1280
0|183|785|0|0|0|53454|720|1280
1|183|785|0|0|0|53459|720|1280
0|470|740|0|0|0|53464|720|1280
1|470|740|0|0|0|53469|720|1280
0|360|744|0|0|0|53693|720|1280
1|360|744|0|0|0|53698|720|1280
0|333|910|0|0|0|53703|720|1280
1|333|910|0|0|0|53708|720|1280
0|43|1237|0|0|0|53713|720|1280
1|43|1237|0|0|0|53718|720|1280
0|353|1099|0|0|0|53927|720|1280
1|353|1099|0|0|0|53932|720|1280
0|183|785|0|0|0|53953|720|1280
1|183|785|0|0|0|53959|720|1280
0|470|740|0|0|0|53964|720|1280
1|470|740|0|0|0|53969|720|1280
0|360|744|0|0|0|54189|720|1280
1|360|744|0|0|0|54194|720|1280
0|333|910|0|0|0|54199|720|1280
1|333|910|0|0|0|54204|720|1280
0|43|1237|0|0|0|54209|720|1280
1|43|1237|0|0|0|54214|720|1280
0|353|1099|0|0|0|54421|720|1280
1|353|1099|0|0|0|54426|720|1280
0|183|785|0|0|0|54469|720|1280
1|183|785|0|0|0|54474|720|1280
0|470|740|0|0|0|54479|720|1280
1|470|740|0|0|0|54484|720|1280
0|360|744|0|0|0|54703|720|1280
1|360|744|0|0|0|54708|720|1280
0|333|910|0|0|0|54713|720|1280
1|333|910|0|0|0|54718|720|1280
0|43|1237|0|0|0|54723|720|1280
1|43|1237|0|0|0|54728|720|1280
0|353|1099|0|0|0|54937|720|1280
1|353|1099|0|0|0|54942|720|1280
0|183|785|0|0|0|54970|720|1280
1|183|785|0|0|0|54974|720|1280
0|470|740|0|0|0|54979|720|1280
1|470|740|0|0|0|54984|720|1280
0|360|744|0|0|0|55211|720|1280
1|360|744|0|0|0|55216|720|1280
0|333|910|0|0|0|55221|720|1280
1|333|910|0|0|0|55226|720|1280
0|43|1237|0|0|0|55231|720|1280
1|43|1237|0|0|0|55236|720|1280
0|353|1099|0|0|0|55445|720|1280
1|353|1099|0|0|0|55449|720|1280
0|183|785|0|0|0|55483|720|1280
1|183|785|0|0|0|55488|720|1280
0|470|740|0|0|0|55493|720|1280
1|470|740|0|0|0|55498|720|1280
0|360|744|0|0|0|55718|720|1280
1|360|744|0|0|0|55723|720|1280
0|333|910|0|0|0|55728|720|1280
1|333|910|0|0|0|55733|720|1280
0|43|1237|0|0|0|55738|720|1280
1|43|1237|0|0|0|55743|720|1280
0|353|1099|0|0|0|55959|720|1280
1|353|1099|0|0|0|55963|720|1280
0|183|785|0|0|0|55987|720|1280
1|183|785|0|0|0|55992|720|1280
0|470|740|0|0|0|55997|720|1280
1|470|740|0|0|0|56002|720|1280
0|360|744|0|0|0|56216|720|1280
1|360|744|0|0|0|56221|720|1280
0|333|910|0|0|0|56226|720|1280
1|333|910|0|0|0|56231|720|1280
0|43|1237|0|0|0|56236|720|1280
1|43|1237|0|0|0|56241|720|1280
0|353|1099|0|0|0|56455|720|1280
1|353|1099|0|0|0|56459|720|1280
0|183|785|0|0|0|56497|720|1280
1|183|785|0|0|0|56501|720|1280
0|470|740|0|0|0|56506|720|1280
1|470|740|0|0|0|56511|720|1280
0|360|744|0|0|0|56735|720|1280
1|360|744|0|0|0|56740|720|1280
0|333|910|0|0|0|56745|720|1280
1|333|910|0|0|0|56750|720|1280
0|43|1237|0|0|0|56755|720|1280
1|43|1237|0|0|0|56760|720|1280
0|353|1099|0|0|0|56967|720|1280
1|353|1099|0|0|0|56971|720|1280
0|183|785|0|0|0|56997|720|1280
1|183|785|0|0|0|57001|720|1280
0|470|740|0|0|0|57006|720|1280
1|470|740|0|0|0|57011|720|1280
0|360|744|0|0|0|57230|720|1280
1|360|744|0|0|0|57235|720|1280
0|333|910|0|0|0|57240|720|1280
1|333|910|0|0|0|57245|720|1280
0|43|1237|0|0|0|57250|720|1280
1|43|1237|0|0|0|57255|720|1280
0|353|1099|0|0|0|57465|720|1280
1|353|1099|0|0|0|57470|720|1280
0|183|785|0|0|0|57511|720|1280
1|183|785|0|0|0|57516|720|1280
0|470|740|0|0|0|57521|720|1280
1|470|740|0|0|0|57526|720|1280
0|360|744|0|0|0|57744|720|1280
1|360|744|0|0|0|57749|720|1280
0|333|910|0|0|0|57754|720|1280
1|333|910|0|0|0|57759|720|1280
0|43|1237|0|0|0|57764|720|1280
1|43|1237|0|0|0|57769|720|1280
0|353|1099|0|0|0|57979|720|1280
1|353|1099|0|0|0|57984|720|1280
0|183|785|0|0|0|58019|720|1280
1|183|785|0|0|0|58024|720|1280
0|470|740|0|0|0|58029|720|1280
1|470|740|0|0|0|58034|720|1280
0|360|744|0|0|0|58252|720|1280
1|360|744|0|0|0|58257|720|1280
0|333|910|0|0|0|58262|720|1280
1|333|910|0|0|0|58267|720|1280
0|43|1237|0|0|0|58272|720|1280
1|43|1237|0|0|0|58277|720|1280
0|353|1099|0|0|0|58482|720|1280
1|353|1099|0|0|0|58487|720|1280
0|183|785|0|0|0|58524|720|1280
1|183|785|0|0|0|58529|720|1280
0|470|740|0|0|0|58534|720|1280
1|470|740|0|0|0|58539|720|1280
0|360|744|0|0|0|58767|720|1280
1|360|744|0|0|0|58772|720|1280
0|333|910|0|0|0|58777|720|1280
1|333|910|0|0|0|58782|720|1280
0|43|1237|0|0|0|58787|720|1280
1|43|1237|0|0|0|58792|720|1280
0|353|1099|0|0|0|59001|720|1280
1|353|1099|0|0|0|59006|720|1280
0|183|785|0|0|0|59024|720|1280
1|183|785|0|0|0|59029|720|1280
0|470|740|0|0|0|59034|720|1280
1|470|740|0|0|0|59039|720|1280
0|360|744|0|0|0|59263|720|1280
1|360|744|0|0|0|59268|720|1280
0|333|910|0|0|0|59273|720|1280
1|333|910|0|0|0|59278|720|1280
0|43|1237|0|0|0|59283|720|1280
1|43|1237|0|0|0|59288|720|1280
0|353|1099|0|0|0|59497|720|1280
1|353|1099|0|0|0|59502|720|1280
0|183|785|0|0|0|59539|720|1280
1|183|785|0|0|0|59544|720|1280
0|470|740|0|0|0|59549|720|1280
1|470|740|0|0|0|59554|720|1280
0|360|744|0|0|0|59773|720|1280
1|360|744|0|0|0|59777|720|1280
0|333|910|0|0|0|59782|720|1280
1|333|910|0|0|0|59787|720|1280
0|43|1237|0|0|0|59792|720|1280
1|43|1237|0|0|0|59797|720|1280
0|353|1099|0|0|0|60011|720|1280
1|353|1099|0|0|0|60016|720|1280
0|183|785|0|0|0|60037|720|1280
1|183|785|0|0|0|60042|720|1280
0|470|740|0|0|0|60047|720|1280
1|470|740|0|0|0|60052|720|1280
0|360|744|0|0|0|60272|720|1280
1|360|744|0|0|0|60277|720|1280
0|333|910|0|0|0|60282|720|1280
1|333|910|0|0|0|60287|720|1280
0|43|1237|0|0|0|60292|720|1280
1|43|1237|0|0|0|60297|720|1280
0|353|1099|0|0|0|60506|720|1280
1|353|1099|0|0|0|60511|720|1280
0|183|785|0|0|0|60552|720|1280
1|183|785|0|0|0|60557|720|1280
0|470|740|0|0|0|60562|720|1280
1|470|740|0|0|0|60567|720|1280
0|360|744|0|0|0|60787|720|1280
1|360|744|0|0|0|60792|720|1280
0|333|910|0|0|0|60797|720|1280
1|333|910|0|0|0|60802|720|1280
0|43|1237|0|0|0|60807|720|1280
1|43|1237|0|0|0|60812|720|1280
0|353|1099|0|0|0|61021|720|1280
1|353|1099|0|0|0|61026|720|1280
0|183|785|0|0|0|61051|720|1280
1|183|785|0|0|0|61056|720|1280
0|470|740|0|0|0|61061|720|1280
1|470|740|0|0|0|61066|720|1280
0|360|744|0|0|0|61290|720|1280
1|360|744|0|0|0|61295|720|1280
0|333|910|0|0|0|61300|720|1280
1|333|910|0|0|0|61305|720|1280
0|43|1237|0|0|0|61310|720|1280
1|43|1237|0|0|0|61315|720|1280
0|353|1099|0|0|0|61520|720|1280
1|353|1099|0|0|0|61525|720|1280
0|183|785|0|0|0|61566|720|1280
1|183|785|0|0|0|61571|720|1280
0|470|740|0|0|0|61576|720|1280
1|470|740|0|0|0|61581|720|1280
0|360|744|0|0|0|61800|720|1280
1|360|744|0|0|0|61806|720|1280
0|333|910|0|0|0|61810|720|1280
1|333|910|0|0|0|61815|720|1280
0|43|1237|0|0|0|61820|720|1280
1|43|1237|0|0|0|61825|720|1280
0|353|1099|0|0|0|62039|720|1280
1|353|1099|0|0|0|62044|720|1280
0|183|785|0|0|0|62081|720|1280
1|183|785|0|0|0|62086|720|1280
0|470|740|0|0|0|62091|720|1280
1|470|740|0|0|0|62096|720|1280
0|360|744|0|0|0|62323|720|1280
1|360|744|0|0|0|62328|720|1280
0|333|910|0|0|0|62332|720|1280
1|333|910|0|0|0|62338|720|1280
0|43|1237|0|0|0|62343|720|1280
1|43|1237|0|0|0|62348|720|1280
0|353|1099|0|0|0|62555|720|1280
1|353|1099|0|0|0|62560|720|1280
0|183|785|0|0|0|62580|720|1280
1|183|785|0|0|0|62586|720|1280
0|470|740|0|0|0|62591|720|1280
1|470|740|0|0|0|62596|720|1280
0|360|744|0|0|0|62820|720|1280
1|360|744|0|0|0|62825|720|1280
0|333|910|0|0|0|62830|720|1280
1|333|910|0|0|0|62835|720|1280
0|43|1237|0|0|0|62840|720|1280
1|43|1237|0|0|0|62845|720|1280
0|353|1099|0|0|0|63053|720|1280
1|353|1099|0|0|0|63058|720|1280
0|183|785|0|0|0|63096|720|1280
1|183|785|0|0|0|63101|720|1280
0|470|740|0|0|0|63106|720|1280
1|470|740|0|0|0|63111|720|1280
0|360|744|0|0|0|63332|720|1280
1|360|744|0|0|0|63337|720|1280
0|333|910|0|0|0|63342|720|1280
1|333|910|0|0|0|63347|720|1280
0|43|1237|0|0|0|63352|720|1280
1|43|1237|0|0|0|63357|720|1280
0|353|1099|0|0|0|63567|720|1280
1|353|1099|0|0|0|63571|720|1280
0|183|785|0|0|0|63595|720|1280
1|183|785|0|0|0|63600|720|1280
0|470|740|0|0|0|63605|720|1280
1|470|740|0|0|0|63610|720|1280
0|360|744|0|0|0|63830|720|1280
1|360|744|0|0|0|63835|720|1280
0|333|910|0|0|0|63840|720|1280
1|333|910|0|0|0|63845|720|1280
0|43|1237|0|0|0|63850|720|1280
1|43|1237|0|0|0|63855|720|1280
0|353|1099|0|0|0|64064|720|1280
1|353|1099|0|0|0|64068|720|1280
0|183|785|0|0|0|64110|720|1280
1|183|785|0|0|0|64115|720|1280
0|470|740|0|0|0|64120|720|1280
1|470|740|0|0|0|64125|720|1280
0|360|744|0|0|0|64343|720|1280
1|360|744|0|0|0|64348|720|1280
0|333|910|0|0|0|64353|720|1280
1|333|910|0|0|0|64358|720|1280
0|43|1237|0|0|0|64363|720|1280
1|43|1237|0|0|0|64368|720|1280
0|353|1099|0|0|0|64578|720|1280
1|353|1099|0|0|0|64582|720|1280
0|183|785|0|0|0|64618|720|1280
1|183|785|0|0|0|64623|720|1280
0|470|740|0|0|0|64628|720|1280
1|470|740|0|0|0|64633|720|1280
0|360|744|0|0|0|64845|720|1280
1|360|744|0|0|0|64850|720|1280
0|333|910|0|0|0|64855|720|1280
1|333|910|0|0|0|64860|720|1280
0|43|1237|0|0|0|64865|720|1280
1|43|1237|0|0|0|64870|720|1280
0|353|1099|0|0|0|65077|720|1280
1|353|1099|0|0|0|65081|720|1280
0|183|785|0|0|0|65123|720|1280
1|183|785|0|0|0|65128|720|1280
0|470|740|0|0|0|65133|720|1280
1|470|740|0|0|0|65138|720|1280
0|360|744|0|0|0|65364|720|1280
1|360|744|0|0|0|65369|720|1280
0|333|910|0|0|0|65374|720|1280
1|333|910|0|0|0|65379|720|1280
0|43|1237|0|0|0|65384|720|1280
1|43|1237|0|0|0|65389|720|1280
0|353|1099|0|0|0|65596|720|1280
1|353|1099|0|0|0|65600|720|1280
0|183|785|0|0|0|65628|720|1280
1|183|785|0|0|0|65633|720|1280
0|470|740|0|0|0|65638|720|1280
1|470|740|0|0|0|65643|720|1280
0|360|744|0|0|0|65862|720|1280
1|360|744|0|0|0|65867|720|1280
0|333|910|0|0|0|65872|720|1280
1|333|910|0|0|0|65877|720|1280
0|43|1237|0|0|0|65882|720|1280
1|43|1237|0|0|0|65887|720|1280
0|353|1099|0|0|0|66095|720|1280
1|353|1099|0|0|0|66099|720|1280
0|183|785|0|0|0|66137|720|1280
1|183|785|0|0|0|66142|720|1280
0|470|740|0|0|0|66147|720|1280
1|470|740|0|0|0|66152|720|1280
0|360|744|0|0|0|66375|720|1280
1|360|744|0|0|0|66380|720|1280
0|333|910|0|0|0|66385|720|1280
1|333|910|0|0|0|66390|720|1280
0|43|1237|0|0|0|66395|720|1280
1|43|1237|0|0|0|66400|720|1280
0|353|1099|0|0|0|66608|720|1280
1|353|1099|0|0|0|66613|720|1280
0|183|785|0|0|0|66636|720|1280
1|183|785|0|0|0|66641|720|1280
0|470|740|0|0|0|66646|720|1280
1|470|740|0|0|0|66651|720|1280
0|360|744|0|0|0|66870|720|1280
1|360|744|0|0|0|66875|720|1280
0|333|910|0|0|0|66880|720|1280
1|333|910|0|0|0|66885|720|1280
0|43|1237|0|0|0|66890|720|1280
1|43|1237|0|0|0|66895|720|1280
0|353|1099|0|0|0|67105|720|1280
1|353|1099|0|0|0|67110|720|1280
0|183|785|0|0|0|67151|720|1280
1|183|785|0|0|0|67156|720|1280
0|470|740|0|0|0|67161|720|1280
1|470|740|0|0|0|67166|720|1280
0|360|744|0|0|0|67386|720|1280
1|360|744|0|0|0|67391|720|1280
0|333|910|0|0|0|67396|720|1280
1|333|910|0|0|0|67401|720|1280
0|43|1237|0|0|0|67406|720|1280
1|43|1237|0|0|0|67411|720|1280
0|353|1099|0|0|0|67620|720|1280
1|353|1099|0|0|0|67625|720|1280
0|183|785|0|0|0|67656|720|1280
1|183|785|0|0|0|67661|720|1280
0|470|740|0|0|0|67666|720|1280
1|470|740|0|0|0|67671|720|1280
0|360|744|0|0|0|67885|720|1280
1|360|744|0|0|0|67889|720|1280
0|333|910|0|0|0|67894|720|1280
1|333|910|0|0|0|67899|720|1280
0|43|1237|0|0|0|67904|720|1280
1|43|1237|0|0|0|67909|720|1280
0|353|1099|0|0|0|68127|720|1280
1|353|1099|0|0|0|68132|720|1280
0|183|785|0|0|0|68165|720|1280
1|183|785|0|0|0|68170|720|1280
0|470|740|0|0|0|68175|720|1280
1|470|740|0|0|0|68180|720|1280
0|360|744|0|0|0|68401|720|1280
1|360|744|0|0|0|68406|720|1280
0|333|910|0|0|0|68411|720|1280
1|333|910|0|0|0|68416|720|1280
0|43|1237|0|0|0|68421|720|1280
1|43|1237|0|0|0|68426|720|1280
0|353|1099|0|0|0|68634|720|1280
1|353|1099|0|0|0|68639|720|1280
0|183|785|0|0|0|68670|720|1280
1|183|785|0|0|0|68675|720|1280
0|470|740|0|0|0|68680|720|1280
1|470|740|0|0|0|68685|720|1280
0|360|744|0|0|0|68904|720|1280
1|360|744|0|0|0|68909|720|1280
0|333|910|0|0|0|68914|720|1280
1|333|910|0|0|0|68919|720|1280
0|43|1237|0|0|0|68924|720|1280
1|43|1237|0|0|0|68929|720|1280
0|353|1099|0|0|0|69132|720|1280
1|353|1099|0|0|0|69137|720|1280
0|183|785|0|0|0|69179|720|1280
1|183|785|0|0|0|69184|720|1280
0|470|740|0|0|0|69189|720|1280
1|470|740|0|0|0|69194|720|1280
0|360|744|0|0|0|69415|720|1280
1|360|744|0|0|0|69420|720|1280
0|333|910|0|0|0|69425|720|1280
1|333|910|0|0|0|69430|720|1280
0|43|1237|0|0|0|69435|720|1280
1|43|1237|0|0|0|69440|720|1280
0|353|1099|0|0|0|69650|720|1280
1|353|1099|0|0|0|69655|720|1280
0|183|785|0|0|0|69678|720|1280
1|183|785|0|0|0|69683|720|1280
0|470|740|0|0|0|69688|720|1280
1|470|740|0|0|0|69693|720|1280
0|360|744|0|0|0|69913|720|1280
1|360|744|0|0|0|69918|720|1280
0|333|910|0|0|0|69923|720|1280
1|333|910|0|0|0|69928|720|1280
0|43|1237|0|0|0|69933|720|1280
1|43|1237|0|0|0|69938|720|1280
0|353|1099|0|0|0|70147|720|1280
1|353|1099|0|0|0|70151|720|1280
0|183|785|0|0|0|70193|720|1280
1|183|785|0|0|0|70198|720|1280
0|470|740|0|0|0|70203|720|1280
1|470|740|0|0|0|70208|720|1280
0|360|744|0|0|0|70428|720|1280
1|360|744|0|0|0|70433|720|1280
0|333|910|0|0|0|70438|720|1280
1|333|910|0|0|0|70443|720|1280
0|43|1237|0|0|0|70448|720|1280
1|43|1237|0|0|0|70453|720|1280
0|353|1099|0|0|0|70662|720|1280
1|353|1099|0|0|0|70667|720|1280
0|183|785|0|0|0|70694|720|1280
1|183|785|0|0|0|70699|720|1280
0|470|740|0|0|0|70704|720|1280
1|470|740|0|0|0|70709|720|1280
0|360|744|0|0|0|70935|720|1280
1|360|744|0|0|0|70940|720|1280
0|333|910|0|0|0|70945|720|1280
1|333|910|0|0|0|70950|720|1280
0|43|1237|0|0|0|70955|720|1280
1|43|1237|0|0|0|70960|720|1280
0|353|1099|0|0|0|71169|720|1280
1|353|1099|0|0|0|71174|720|1280
0|183|785|0|0|0|71207|720|1280
1|183|785|0|0|0|71212|720|1280
0|470|740|0|0|0|71217|720|1280
1|470|740|0|0|0|71222|720|1280
0|360|744|0|0|0|71442|720|1280
1|360|744|0|0|0|71447|720|1280
0|333|910|0|0|0|71452|720|1280
1|333|910|0|0|0|71457|720|1280
0|43|1237|0|0|0|71462|720|1280
1|43|1237|0|0|0|71467|720|1280
0|353|1099|0|0|0|71682|720|1280
1|353|1099|0|0|0|71687|720|1280
0|183|785|0|0|0|71712|720|1280
1|183|785|0|0|0|71717|720|1280
0|470|740|0|0|0|71722|720|1280
1|470|740|0|0|0|71727|720|1280
0|360|744|0|0|0|71942|720|1280
1|360|744|0|0|0|71947|720|1280
0|333|910|0|0|0|71952|720|1280
1|333|910|0|0|0|71957|720|1280
0|43|1237|0|0|0|71962|720|1280
1|43|1237|0|0|0|71967|720|1280
0|353|1099|0|0|0|72176|720|1280
1|353|1099|0|0|0|72181|720|1280
0|183|785|0|0|0|72221|720|1280
1|183|785|0|0|0|72226|720|1280
0|470|740|0|0|0|72231|720|1280
1|470|740|0|0|0|72236|720|1280
0|360|744|0|0|0|72458|720|1280
1|360|744|0|0|0|72463|720|1280
0|333|910|0|0|0|72468|720|1280
1|333|910|0|0|0|72473|720|1280
0|43|1237|0|0|0|72478|720|1280
1|43|1237|0|0|0|72483|720|1280
0|353|1099|0|0|0|72689|720|1280
1|353|1099|0|0|0|72694|720|1280
0|183|785|0|0|0|72721|720|1280
1|183|785|0|0|0|72726|720|1280
0|470|740|0|0|0|72731|720|1280
1|470|740|0|0|0|72736|720|1280
0|360|744|0|0|0|72955|720|1280
1|360|744|0|0|0|72960|720|1280
0|333|910|0|0|0|72965|720|1280
1|333|910|0|0|0|72970|720|1280
0|43|1237|0|0|0|72975|720|1280
1|43|1237|0|0|0|72980|720|1280
0|353|1099|0|0|0|73189|720|1280
1|353|1099|0|0|0|73193|720|1280
0|183|785|0|0|0|73235|720|1280
1|183|785|0|0|0|73240|720|1280
0|470|740|0|0|0|73245|720|1280
1|470|740|0|0|0|73250|720|1280
0|360|744|0|0|0|73469|720|1280
1|360|744|0|0|0|73474|720|1280
0|333|910|0|0|0|73479|720|1280
1|333|910|0|0|0|73484|720|1280
0|43|1237|0|0|0|73489|720|1280
1|43|1237|0|0|0|73494|720|1280
0|353|1099|0|0|0|73703|720|1280
1|353|1099|0|0|0|73707|720|1280
0|183|785|0|0|0|73743|720|1280
1|183|785|0|0|0|73748|720|1280
0|470|740|0|0|0|73753|720|1280
1|470|740|0|0|0|73758|720|1280
0|360|744|0|0|0|73977|720|1280
1|360|744|0|0|0|73982|720|1280
0|333|910|0|0|0|73987|720|1280
1|333|910|0|0|0|73992|720|1280
0|43|1237|0|0|0|73997|720|1280
1|43|1237|0|0|0|74002|720|1280
0|353|1099|0|0|0|74207|720|1280
1|353|1099|0|0|0|74211|720|1280
0|183|785|0|0|0|74249|720|1280
1|183|785|0|0|0|74254|720|1280
0|470|740|0|0|0|74259|720|1280
1|470|740|0|0|0|74264|720|1280
0|360|744|0|0|0|74490|720|1280
1|360|744|0|0|0|74495|720|1280
0|333|910|0|0|0|74500|720|1280
1|333|910|0|0|0|74505|720|1280
0|43|1237|0|0|0|74510|720|1280
1|43|1237|0|0|0|74515|720|1280
0|353|1099|0|0|0|74724|720|1280
1|353|1099|0|0|0|74728|720|1280
0|183|785|0|0|0|74749|720|1280
1|183|785|0|0|0|74754|720|1280
0|470|740|0|0|0|74759|720|1280
1|470|740|0|0|0|74764|720|1280
0|360|744|0|0|0|74988|720|1280
1|360|744|0|0|0|74993|720|1280
0|333|910|0|0|0|74998|720|1280
1|333|910|0|0|0|75003|720|1280
0|43|1237|0|0|0|75008|720|1280
1|43|1237|0|0|0|75013|720|1280
0|353|1099|0|0|0|75221|720|1280
1|353|1099|0|0|0|75226|720|1280
0|183|785|0|0|0|75263|720|1280
1|183|785|0|0|0|75268|720|1280
0|470|740|0|0|0|75273|720|1280
1|470|740|0|0|0|75278|720|1280
0|360|744|0|0|0|75497|720|1280
1|360|744|0|0|0|75502|720|1280
0|333|910|0|0|0|75507|720|1280
1|333|910|0|0|0|75512|720|1280
0|43|1237|0|0|0|75517|720|1280
1|43|1237|0|0|0|75522|720|1280
0|353|1099|0|0|0|75735|720|1280
1|353|1099|0|0|0|75740|720|1280
0|183|785|0|0|0|75763|720|1280
1|183|785|0|0|0|75768|720|1280
0|470|740|0|0|0|75773|720|1280
1|470|740|0|0|0|75778|720|1280
0|360|744|0|0|0|75997|720|1280
1|360|744|0|0|0|76002|720|1280
0|333|910|0|0|0|76007|720|1280
1|333|910|0|0|0|76012|720|1280
0|43|1237|0|0|0|76017|720|1280
1|43|1237|0|0|0|76022|720|1280
0|353|1099|0|0|0|76231|720|1280
1|353|1099|0|0|0|76236|720|1280
0|183|785|0|0|0|76277|720|1280
1|183|785|0|0|0|76282|720|1280
0|470|740|0|0|0|76287|720|1280
1|470|740|0|0|0|76292|720|1280
0|360|744|0|0|0|76511|720|1280
1|360|744|0|0|0|76516|720|1280
0|333|910|0|0|0|76521|720|1280
1|333|910|0|0|0|76526|720|1280
0|43|1237|0|0|0|76531|720|1280
1|43|1237|0|0|0|76536|720|1280
0|353|1099|0|0|0|76746|720|1280
1|353|1099|0|0|0|76751|720|1280
0|183|785|0|0|0|76776|720|1280
1|183|785|0|0|0|76781|720|1280
0|470|740|0|0|0|76786|720|1280
1|470|740|0|0|0|76791|720|1280
0|360|744|0|0|0|77015|720|1280
1|360|744|0|0|0|77020|720|1280
0|333|910|0|0|0|77025|720|1280
1|333|910|0|0|0|77030|720|1280
0|43|1237|0|0|0|77035|720|1280
1|43|1237|0|0|0|77040|720|1280
0|353|1099|0|0|0|77245|720|1280
1|353|1099|0|0|0|77250|720|1280
0|183|785|0|0|0|77291|720|1280
1|183|785|0|0|0|77296|720|1280
0|470|740|0|0|0|77301|720|1280
1|470|740|0|0|0|77306|720|1280
0|360|744|0|0|0|77532|720|1280
1|360|744|0|0|0|77537|720|1280
0|333|910|0|0|0|77542|720|1280
1|333|910|0|0|0|77547|720|1280
0|43|1237|0|0|0|77552|720|1280
1|43|1237|0|0|0|77557|720|1280
0|353|1099|0|0|0|77761|720|1280
1|353|1099|0|0|0|77766|720|1280
0|183|785|0|0|0|77795|720|1280
1|183|785|0|0|0|77800|720|1280
0|470|740|0|0|0|77805|720|1280
1|470|740|0|0|0|77810|720|1280
0|360|744|0|0|0|78028|720|1280
1|360|744|0|0|0|78033|720|1280
0|333|910|0|0|0|78038|720|1280
1|333|910|0|0|0|78043|720|1280
0|43|1237|0|0|0|78048|720|1280
1|43|1237|0|0|0|78053|720|1280
0|353|1099|0|0|0|78263|720|1280
1|353|1099|0|0|0|78268|720|1280
0|183|785|0|0|0|78305|720|1280
1|183|785|0|0|0|78310|720|1280
0|470|740|0|0|0|78315|720|1280
1|470|740|0|0|0|78320|720|1280
0|360|744|0|0|0|78542|720|1280
1|360|744|0|0|0|78547|720|1280
0|333|910|0|0|0|78552|720|1280
1|333|910|0|0|0|78557|720|1280
0|43|1237|0|0|0|78562|720|1280
1|43|1237|0|0|0|78567|720|1280
0|353|1099|0|0|0|78775|720|1280
1|353|1099|0|0|0|78780|720|1280
0|183|785|0|0|0|78805|720|1280
1|183|785|0|0|0|78810|720|1280
0|470|740|0|0|0|78815|720|1280
1|470|740|0|0|0|78820|720|1280
0|360|744|0|0|0|79038|720|1280
1|360|744|0|0|0|79044|720|1280
0|333|910|0|0|0|79048|720|1280
1|333|910|0|0|0|79053|720|1280
0|43|1237|0|0|0|79058|720|1280
1|43|1237|0|0|0|79063|720|1280
0|353|1099|0|0|0|79273|720|1280
1|353|1099|0|0|0|79278|720|1280
0|183|785|0|0|0|79319|720|1280
1|183|785|0|0|0|79324|720|1280
0|470|740|0|0|0|79329|720|1280
1|470|740|0|0|0|79334|720|1280
0|360|744|0|0|0|79553|720|1280
1|360|744|0|0|0|79559|720|1280
0|333|910|0|0|0|79563|720|1280
1|333|910|0|0|0|79568|720|1280
0|43|1237|0|0|0|79573|720|1280
1|43|1237|0|0|0|79578|720|1280
0|353|1099|0|0|0|79788|720|1280
1|353|1099|0|0|0|79794|720|1280
0|183|785|0|0|0|79825|720|1280
1|183|785|0|0|0|79830|720|1280
0|470|740|0|0|0|79834|720|1280
1|470|740|0|0|0|79839|720|1280
0|360|744|0|0|0|80055|720|1280
1|360|744|0|0|0|80060|720|1280
0|333|910|0|0|0|80066|720|1280
1|333|910|0|0|0|80071|720|1280
0|43|1237|0|0|0|80076|720|1280
1|43|1237|0|0|0|80081|720|1280
0|353|1099|0|0|0|80295|720|1280
1|353|1099|0|0|0|80300|720|1280
0|183|785|0|0|0|80333|720|1280
1|183|785|0|0|0|80338|720|1280
0|470|740|0|0|0|80343|720|1280
1|470|740|0|0|0|80348|720|1280
0|360|744|0|0|0|80569|720|1280
1|360|744|0|0|0|80574|720|1280
0|333|910|0|0|0|80579|720|1280
1|333|910|0|0|0|80584|720|1280
0|43|1237|0|0|0|80589|720|1280
1|43|1237|0|0|0|80594|720|1280
0|353|1099|0|0|0|80802|720|1280
1|353|1099|0|0|0|80807|720|1280
0|183|785|0|0|0|80838|720|1280
1|183|785|0|0|0|80843|720|1280
0|470|740|0|0|0|80848|720|1280
1|470|740|0|0|0|80853|720|1280
0|360|744|0|0|0|81072|720|1280
1|360|744|0|0|0|81077|720|1280
0|333|910|0|0|0|81082|720|1280
1|333|910|0|0|0|81087|720|1280
0|43|1237|0|0|0|81092|720|1280
1|43|1237|0|0|0|81097|720|1280
0|353|1099|0|0|0|81300|720|1280
1|353|1099|0|0|0|81305|720|1280
0|183|785|0|0|0|81347|720|1280
1|183|785|0|0|0|81352|720|1280
0|470|740|0|0|0|81357|720|1280
1|470|740|0|0|0|81362|720|1280
0|360|744|0|0|0|81583|720|1280
1|360|744|0|0|0|81588|720|1280
0|333|910|0|0|0|81593|720|1280
1|333|910|0|0|0|81598|720|1280
0|43|1237|0|0|0|81603|720|1280
1|43|1237|0|0|0|81608|720|1280
0|353|1099|0|0|0|81818|720|1280
1|353|1099|0|0|0|81823|720|1280
0|183|785|0|0|0|81846|720|1280
1|183|785|0|0|0|81851|720|1280
0|470|740|0|0|0|81856|720|1280
1|470|740|0|0|0|81861|720|1280
0|360|744|0|0|0|82081|720|1280
1|360|744|0|0|0|82086|720|1280
0|333|910|0|0|0|82091|720|1280
1|333|910|0|0|0|82096|720|1280
0|43|1237|0|0|0|82101|720|1280
1|43|1237|0|0|0|82106|720|1280
0|353|1099|0|0|0|82315|720|1280
1|353|1099|0|0|0|82320|720|1280
0|183|785|0|0|0|82361|720|1280
1|183|785|0|0|0|82366|720|1280
0|470|740|0|0|0|82371|720|1280
1|470|740|0|0|0|82376|720|1280
0|360|744|0|0|0|82596|720|1280
1|360|744|0|0|0|82601|720|1280
0|333|910|0|0|0|82606|720|1280
1|333|910|0|0|0|82611|720|1280
0|43|1237|0|0|0|82616|720|1280
1|43|1237|0|0|0|82621|720|1280
0|353|1099|0|0|0|82830|720|1280
1|353|1099|0|0|0|82835|720|1280
0|183|785|0|0|0|82862|720|1280
1|183|785|0|0|0|82867|720|1280
0|470|740|0|0|0|82872|720|1280
1|470|740|0|0|0|82877|720|1280
0|360|744|0|0|0|83103|720|1280
1|360|744|0|0|0|83108|720|1280
0|333|910|0|0|0|83113|720|1280
1|333|910|0|0|0|83118|720|1280
0|43|1237|0|0|0|83123|720|1280
1|43|1237|0|0|0|83128|720|1280
0|353|1099|0|0|0|83337|720|1280
1|353|1099|0|0|0|83342|720|1280
0|183|785|0|0|0|83375|720|1280
1|183|785|0|0|0|83380|720|1280
0|470|740|0|0|0|83385|720|1280
1|470|740|0|0|0|83390|720|1280
0|360|744|0|0|0|83609|720|1280
1|360|744|0|0|0|83614|720|1280
0|333|910|0|0|0|83619|720|1280
1|333|910|0|0|0|83624|720|1280
0|43|1237|0|0|0|83629|720|1280
1|43|1237|0|0|0|83634|720|1280
0|353|1099|0|0|0|83849|720|1280
1|353|1099|0|0|0|83854|720|1280
0|183|785|0|0|0|83879|720|1280
1|183|785|0|0|0|83885|720|1280
0|470|740|0|0|0|83889|720|1280
1|470|740|0|0|0|83894|720|1280
0|360|744|0|0|0|84109|720|1280
1|360|744|0|0|0|84114|720|1280
0|333|910|0|0|0|84119|720|1280
1|333|910|0|0|0|84124|720|1280
0|43|1237|0|0|0|84129|720|1280
1|43|1237|0|0|0|84134|720|1280
0|353|1099|0|0|0|84347|720|1280
1|353|1099|0|0|0|84352|720|1280
0|183|785|0|0|0|84389|720|1280
1|183|785|0|0|0|84395|720|1280
0|470|740|0|0|0|84400|720|1280
1|470|740|0|0|0|84405|720|1280
0|360|744|0|0|0|84626|720|1280
1|360|744|0|0|0|84631|720|1280
0|333|910|0|0|0|84636|720|1280
1|333|910|0|0|0|84641|720|1280
0|43|1237|0|0|0|84646|720|1280
1|43|1237|0|0|0|84651|720|1280
0|353|1099|0|0|0|84860|720|1280
1|353|1099|0|0|0|84865|720|1280
0|183|785|0|0|0|84890|720|1280
1|183|785|0|0|0|84895|720|1280
0|470|740|0|0|0|84900|720|1280
1|470|740|0|0|0|84905|720|1280
0|360|744|0|0|0|85123|720|1280
1|360|744|0|0|0|85128|720|1280
0|333|910|0|0|0|85133|720|1280
1|333|910|0|0|0|85138|720|1280
0|43|1237|0|0|0|85143|720|1280
1|43|1237|0|0|0|85148|720|1280
0|353|1099|0|0|0|85357|720|1280
1|353|1099|0|0|0|85362|720|1280
0|183|785|0|0|0|85403|720|1280
1|183|785|0|0|0|85408|720|1280
0|470|740|0|0|0|85413|720|1280
1|470|740|0|0|0|85418|720|1280
0|360|744|0|0|0|85637|720|1280
1|360|744|0|0|0|85642|720|1280
0|333|910|0|0|0|85647|720|1280
1|333|910|0|0|0|85652|720|1280
0|43|1237|0|0|0|85657|720|1280
1|43|1237|0|0|0|85662|720|1280
0|353|1099|0|0|0|85871|720|1280
1|353|1099|0|0|0|85875|720|1280
0|183|785|0|0|0|85911|720|1280
1|183|785|0|0|0|85916|720|1280
0|470|740|0|0|0|85921|720|1280
1|470|740|0|0|0|85926|720|1280
0|360|744|0|0|0|86146|720|1280
1|360|744|0|0|0|86151|720|1280
0|333|910|0|0|0|86156|720|1280
1|333|910|0|0|0|86161|720|1280
0|43|1237|0|0|0|86166|720|1280
1|43|1237|0|0|0|86171|720|1280
0|353|1099|0|0|0|86375|720|1280
1|353|1099|0|0|0|86379|720|1280
0|183|785|0|0|0|86417|720|1280
1|183|785|0|0|0|86421|720|1280
0|470|740|0|0|0|86426|720|1280
1|470|740|0|0|0|86431|720|1280
0|360|744|0|0|0|86658|720|1280
1|360|744|0|0|0|86663|720|1280
0|333|910|0|0|0|86668|720|1280
1|333|910|0|0|0|86673|720|1280
0|43|1237|0|0|0|86678|720|1280
1|43|1237|0|0|0|86683|720|1280
0|353|1099|0|0|0|86892|720|1280
1|353|1099|0|0|0|86896|720|1280
0|183|785|0|0|0|86917|720|1280
1|183|785|0|0|0|86922|720|1280
0|470|740|0|0|0|86927|720|1280
1|470|740|0|0|0|86932|720|1280
0|360|744|0|0|0|87156|720|1280
1|360|744|0|0|0|87161|720|1280
0|333|910|0|0|0|87166|720|1280
1|333|910|0|0|0|87171|720|1280
0|43|1237|0|0|0|87176|720|1280
1|43|1237|0|0|0|87181|720|1280
0|353|1099|0|0|0|87389|720|1280
1|353|1099|0|0|0|87393|720|1280
0|183|785|0|0|0|87431|720|1280
1|183|785|0|0|0|87436|720|1280
0|470|740|0|0|0|87441|720|1280
1|470|740|0|0|0|87446|720|1280
0|360|744|0|0|0|87666|720|1280
1|360|744|0|0|0|87671|720|1280
0|333|910|0|0|0|87676|720|1280
1|333|910|0|0|0|87681|720|1280
0|43|1237|0|0|0|87686|720|1280
1|43|1237|0|0|0|87691|720|1280
0|353|1099|0|0|0|87903|720|1280
1|353|1099|0|0|0|87907|720|1280
0|183|785|0|0|0|87931|720|1280
1|183|785|0|0|0|87936|720|1280
0|470|740|0|0|0|87941|720|1280
1|470|740|0|0|0|87946|720|1280
0|360|744|0|0|0|88164|720|1280
1|360|744|0|0|0|88169|720|1280
0|333|910|0|0|0|88174|720|1280
1|333|910|0|0|0|88179|720|1280
0|43|1237|0|0|0|88184|720|1280
1|43|1237|0|0|0|88189|720|1280
0|353|1099|0|0|0|88399|720|1280
1|353|1099|0|0|0|88404|720|1280
0|183|785|0|0|0|88445|720|1280
1|183|785|0|0|0|88450|720|1280
0|470|740|0|0|0|88455|720|1280
1|470|740|0|0|0|88460|720|1280
0|360|744|0|0|0|88679|720|1280
1|360|744|0|0|0|88684|720|1280
0|333|910|0|0|0|88689|720|1280
1|333|910|0|0|0|88694|720|1280
0|43|1237|0|0|0|88699|720|1280
1|43|1237|0|0|0|88704|720|1280
0|353|1099|0|0|0|88914|720|1280
1|353|1099|0|0|0|88919|720|1280
0|183|785|0|0|0|88944|720|1280
1|183|785|0|0|0|88949|720|1280
0|470|740|0|0|0|88954|720|1280
1|470|740|0|0|0|88959|720|1280
0|360|744|0|0|0|89184|720|1280
1|360|744|0|0|0|89189|720|1280
0|333|910|0|0|0|89194|720|1280
1|333|910|0|0|0|89199|720|1280
0|43|1237|0|0|0|89204|720|1280
1|43|1237|0|0|0|89209|720|1280
0|353|1099|0|0|0|89413|720|1280
1|353|1099|0|0|0|89418|720|1280
0|183|785|0|0|0|89459|720|1280
1|183|785|0|0|0|89464|720|1280
0|470|740|0|0|0|89469|720|1280
1|470|740|0|0|0|89474|720|1280
0|360|744|0|0|0|89700|720|1280
1|360|744|0|0|0|89705|720|1280
0|333|910|0|0|0|89710|720|1280
1|333|910|0|0|0|89715|720|1280
0|43|1237|0|0|0|89720|720|1280
1|43|1237|0|0|0|89725|720|1280
0|353|1099|0|0|0|89932|720|1280
1|353|1099|0|0|0|89937|720|1280
0|183|785|0|0|0|89962|720|1280
1|183|785|0|0|0|89967|720|1280
0|470|740|0|0|0|89972|720|1280
1|470|740|0|0|0|89977|720|1280
0|360|744|0|0|0|90196|720|1280
1|360|744|0|0|0|90201|720|1280
0|333|910|0|0|0|90206|720|1280
1|333|910|0|0|0|90211|720|1280
0|43|1237|0|0|0|90216|720|1280
1|43|1237|0|0|0|90221|720|1280
0|353|1099|0|0|0|90431|720|1280
1|353|1099|0|0|0|90436|720|1280
0|183|785|0|0|0|90473|720|1280
1|183|785|0|0|0|90478|720|1280
0|470|740|0|0|0|90483|720|1280
1|470|740|0|0|0|90488|720|1280
0|360|744|0|0|0|90710|720|1280
1|360|744|0|0|0|90715|720|1280
0|333|910|0|0|0|90720|720|1280
1|333|910|0|0|0|90725|720|1280
0|43|1237|0|0|0|90730|720|1280
1|43|1237|0|0|0|90735|720|1280
0|353|1099|0|0|0|90943|720|1280
1|353|1099|0|0|0|90948|720|1280
0|183|785|0|0|0|90973|720|1280
1|183|785|0|0|0|90978|720|1280
0|470|740|0|0|0|90983|720|1280
1|470|740|0|0|0|90988|720|1280
0|360|744|0|0|0|91206|720|1280
1|360|744|0|0|0|91211|720|1280
0|333|910|0|0|0|91216|720|1280
1|333|910|0|0|0|91221|720|1280
0|43|1237|0|0|0|91226|720|1280
1|43|1237|0|0|0|91231|720|1280
0|353|1099|0|0|0|91441|720|1280
1|353|1099|0|0|0|91446|720|1280
0|183|785|0|0|0|91487|720|1280
1|183|785|0|0|0|91492|720|1280
0|470|740|0|0|0|91497|720|1280
1|470|740|0|0|0|91502|720|1280
0|360|744|0|0|0|91721|720|1280
1|360|744|0|0|0|91726|720|1280
0|333|910|0|0|0|91731|720|1280
1|333|910|0|0|0|91736|720|1280
0|43|1237|0|0|0|91741|720|1280
1|43|1237|0|0|0|91746|720|1280
0|353|1099|0|0|0|91956|720|1280
1|353|1099|0|0|0|91961|720|1280
0|183|785|0|0|0|91992|720|1280
1|183|785|0|0|0|91997|720|1280
0|470|740|0|0|0|92002|720|1280
1|470|740|0|0|0|92007|720|1280
0|360|744|0|0|0|92222|720|1280
1|360|744|0|0|0|92227|720|1280
0|333|910|0|0|0|92231|720|1280
1|333|910|0|0|0|92236|720|1280
0|43|1237|0|0|0|92241|720|1280
1|43|1237|0|0|0|92246|720|1280
0|353|1099|0|0|0|92463|720|1280
1|353|1099|0|0|0|92468|720|1280
0|183|785|0|0|0|92501|720|1280
1|183|785|0|0|0|92506|720|1280
0|470|740|0|0|0|92511|720|1280
1|470|740|0|0|0|92516|720|1280
0|360|744|0|0|0|92739|720|1280
1|360|744|0|0|0|92745|720|1280
0|333|910|0|0|0|92749|720|1280
1|333|910|0|0|0|92754|720|1280
0|43|1237|0|0|0|92759|720|1280
1|43|1237|0|0|0|92764|720|1280
0|353|1099|0|0|0|92969|720|1280
1|353|1099|0|0|0|92974|720|1280
0|183|785|0|0|0|93004|720|1280
1|183|785|0|0|0|93010|720|1280
0|470|740|0|0|0|93015|720|1280
1|470|740|0|0|0|93020|720|1280
0|360|744|0|0|0|93259|720|1280
1|360|744|0|0|0|93264|720|1280
0|333|910|0|0|0|93269|720|1280
1|333|910|0|0|0|93274|720|1280
0|43|1237|0|0|0|93279|720|1280
1|43|1237|0|0|0|93284|720|1280
0|353|1099|0|0|0|93490|720|1280
1|353|1099|0|0|0|93495|720|1280
0|183|785|0|0|0|93514|720|1280
1|183|785|0|0|0|93519|720|1280
0|470|740|0|0|0|93524|720|1280
1|470|740|0|0|0|93529|720|1280
0|360|744|0|0|0|93755|720|1280
1|360|744|0|0|0|93760|720|1280
0|333|910|0|0|0|93765|720|1280
1|333|910|0|0|0|93770|720|1280
0|43|1237|0|0|0|93775|720|1280
1|43|1237|0|0|0|93780|720|1280
0|353|1099|0|0|0|93987|720|1280
1|353|1099|0|0|0|93992|720|1280
0|183|785|0|0|0|94030|720|1280
1|183|785|0|0|0|94035|720|1280
0|470|740|0|0|0|94040|720|1280
1|470|740|0|0|0|94045|720|1280
0|360|744|0|0|0|94270|720|1280
1|360|744|0|0|0|94275|720|1280
0|333|910|0|0|0|94280|720|1280
1|333|910|0|0|0|94285|720|1280
0|43|1237|0|0|0|94290|720|1280
1|43|1237|0|0|0|94295|720|1280
0|353|1099|0|0|0|94503|720|1280
1|353|1099|0|0|0|94507|720|1280
0|183|785|0|0|0|94529|720|1280
1|183|785|0|0|0|94534|720|1280
0|470|740|0|0|0|94539|720|1280
1|470|740|0|0|0|94544|720|1280
0|360|744|0|0|0|94764|720|1280
1|360|744|0|0|0|94769|720|1280
0|333|910|0|0|0|94774|720|1280
1|333|910|0|0|0|94779|720|1280
0|43|1237|0|0|0|94784|720|1280
1|43|1237|0|0|0|94789|720|1280
0|353|1099|0|0|0|94998|720|1280
1|353|1099|0|0|0|95003|720|1280
0|183|785|0|0|0|95044|720|1280
1|183|785|0|0|0|95049|720|1280
0|470|740|0|0|0|95054|720|1280
1|470|740|0|0|0|95059|720|1280
0|360|744|0|0|0|95278|720|1280
1|360|744|0|0|0|95283|720|1280
0|333|910|0|0|0|95288|720|1280
1|333|910|0|0|0|95293|720|1280
0|43|1237|0|0|0|95298|720|1280
1|43|1237|0|0|0|95303|720|1280
0|353|1099|0|0|0|95512|720|1280
1|353|1099|0|0|0|95517|720|1280
0|183|785|0|0|0|95548|720|1280
1|183|785|0|0|0|95553|720|1280
0|470|740|0|0|0|95558|720|1280
1|470|740|0|0|0|95563|720|1280
0|360|744|0|0|0|95779|720|1280
1|360|744|0|0|0|95784|720|1280
0|333|910|0|0|0|95789|720|1280
1|333|910|0|0|0|95794|720|1280
0|43|1237|0|0|0|95799|720|1280
1|43|1237|0|0|0|95804|720|1280
0|353|1099|0|0|0|96020|720|1280
1|353|1099|0|0|0|96024|720|1280
0|183|785|0|0|0|96058|720|1280
1|183|785|0|0|0|96063|720|1280
0|470|740|0|0|0|96068|720|1280
1|470|740|0|0|0|96073|720|1280
0|360|744|0|0|0|96296|720|1280
1|360|744|0|0|0|96301|720|1280
0|333|910|0|0|0|96306|720|1280
1|333|910|0|0|0|96311|720|1280
0|43|1237|0|0|0|96316|720|1280
1|43|1237|0|0|0|96321|720|1280
0|353|1099|0|0|0|96527|720|1280
1|353|1099|0|0|0|96532|720|1280
0|183|785|0|0|0|96561|720|1280
1|183|785|0|0|0|96566|720|1280
0|470|740|0|0|0|96571|720|1280
1|470|740|0|0|0|96576|720|1280
0|360|744|0|0|0|96795|720|1280
1|360|744|0|0|0|96800|720|1280
0|333|910|0|0|0|96805|720|1280
1|333|910|0|0|0|96810|720|1280
0|43|1237|0|0|0|96815|720|1280
1|43|1237|0|0|0|96820|720|1280
0|353|1099|0|0|0|97027|720|1280
1|353|1099|0|0|0|97032|720|1280
0|183|785|0|0|0|97072|720|1280
1|183|785|0|0|0|97077|720|1280
0|470|740|0|0|0|97081|720|1280
1|470|740|0|0|0|97086|720|1280
0|360|744|0|0|0|97310|720|1280
1|360|744|0|0|0|97315|720|1280
0|333|910|0|0|0|97320|720|1280
1|333|910|0|0|0|97325|720|1280
0|43|1237|0|0|0|97330|720|1280
1|43|1237|0|0|0|97335|720|1280
0|353|1099|0|0|0|97544|720|1280
1|353|1099|0|0|0|97549|720|1280
0|183|785|0|0|0|97572|720|1280
1|183|785|0|0|0|97577|720|1280
0|470|740|0|0|0|97582|720|1280
1|470|740|0|0|0|97587|720|1280
0|360|744|0|0|0|97806|720|1280
1|360|744|0|0|0|97811|720|1280
0|333|910|0|0|0|97816|720|1280
1|333|910|0|0|0|97821|720|1280
0|43|1237|0|0|0|97826|720|1280
1|43|1237|0|0|0|97831|720|1280
0|353|1099|0|0|0|98039|720|1280
1|353|1099|0|0|0|98044|720|1280
0|183|785|0|0|0|98086|720|1280
1|183|785|0|0|0|98091|720|1280
0|470|740|0|0|0|98096|720|1280
1|470|740|0|0|0|98101|720|1280
0|360|744|0|0|0|98321|720|1280
1|360|744|0|0|0|98326|720|1280
0|333|910|0|0|0|98331|720|1280
1|333|910|0|0|0|98336|720|1280
0|43|1237|0|0|0|98341|720|1280
1|43|1237|0|0|0|98346|720|1280
0|353|1099|0|0|0|98555|720|1280
1|353|1099|0|0|0|98560|720|1280
0|183|785|0|0|0|98587|720|1280
1|183|785|0|0|0|98592|720|1280
0|470|740|0|0|0|98597|720|1280
1|470|740|0|0|0|98602|720|1280
0|360|744|0|0|0|98828|720|1280
1|360|744|0|0|0|98833|720|1280
0|333|910|0|0|0|98838|720|1280
1|333|910|0|0|0|98843|720|1280
0|43|1237|0|0|0|98848|720|1280
1|43|1237|0|0|0|98853|720|1280
0|353|1099|0|0|0|99053|720|1280
1|353|1099|0|0|0|99058|720|1280
0|183|785|0|0|0|99100|720|1280
1|183|785|0|0|0|99105|720|1280
0|470|740|0|0|0|99110|720|1280
1|470|740|0|0|0|99115|720|1280
0|360|744|0|0|0|99334|720|1280
1|360|744|0|0|0|99339|720|1280
0|333|910|0|0|0|99344|720|1280
1|333|910|0|0|0|99349|720|1280
0|43|1237|0|0|0|99354|720|1280
1|43|1237|0|0|0|99359|720|1280
0|353|1099|0|0|0|99576|720|1280
1|353|1099|0|0|0|99581|720|1280
0|183|785|0|0|0|99604|720|1280
1|183|785|0|0|0|99609|720|1280
0|470|740|0|0|0|99614|720|1280
1|470|740|0|0|0|99619|720|1280
0|360|744|0|0|0|99833|720|1280
1|360|744|0|0|0|99838|720|1280
0|333|910|0|0|0|99843|720|1280
1|333|910|0|0|0|99848|720|1280
0|43|1237|0|0|0|99853|720|1280
1|43|1237|0|0|0|99858|720|1280
0|353|1099|0|0|0|100071|720|1280
1|353|1099|0|0|0|100076|720|1280
0|183|785|0|0|0|100113|720|1280
1|183|785|0|0|0|100118|720|1280
0|470|740|0|0|0|100123|720|1280
1|470|740|0|0|0|100128|720|1280
0|360|744|0|0|0|100352|720|1280
1|360|744|0|0|0|100357|720|1280
0|333|910|0|0|0|100362|720|1280
1|333|910|0|0|0|100367|720|1280
0|43|1237|0|0|0|100372|720|1280
1|43|1237|0|0|0|100377|720|1280
0|353|1099|0|0|0|100581|720|1280
1|353|1099|0|0|0|100586|720|1280
0|183|785|0|0|0|100613|720|1280
1|183|785|0|0|0|100618|720|1280
0|470|740|0|0|0|100623|720|1280
1|470|740|0|0|0|100628|720|1280
0|360|744|0|0|0|100847|720|1280
1|360|744|0|0|0|100852|720|1280
0|333|910|0|0|0|100857|720|1280
1|333|910|0|0|0|100862|720|1280
0|43|1237|0|0|0|100867|720|1280
1|43|1237|0|0|0|100872|720|1280
0|353|1099|0|0|0|101082|720|1280
1|353|1099|0|0|0|101087|720|1280
0|183|785|0|0|0|101127|720|1280
1|183|785|0|0|0|101132|720|1280
0|470|740|0|0|0|101137|720|1280
1|470|740|0|0|0|101142|720|1280
0|360|744|0|0|0|101362|720|1280
1|360|744|0|0|0|101367|720|1280
0|333|910|0|0|0|101371|720|1280
1|333|910|0|0|0|101376|720|1280
0|43|1237|0|0|0|101381|720|1280
1|43|1237|0|0|0|101386|720|1280
0|353|1099|0|0|0|101595|720|1280
1|353|1099|0|0|0|101600|720|1280
0|183|785|0|0|0|101636|720|1280
1|183|785|0|0|0|101641|720|1280
0|470|740|0|0|0|101646|720|1280
1|470|740|0|0|0|101650|720|1280
0|360|744|0|0|0|101870|720|1280
1|360|744|0|0|0|101875|720|1280
0|333|910|0|0|0|101880|720|1280
1|333|910|0|0|0|101885|720|1280
0|43|1237|0|0|0|101890|720|1280
1|43|1237|0|0|0|101895|720|1280
0|353|1099|0|0|0|102095|720|1280
1|353|1099|0|0|0|102100|720|1280
0|183|785|0|0|0|102141|720|1280
1|183|785|0|0|0|102147|720|1280
0|470|740|0|0|0|102152|720|1280
1|470|740|0|0|0|102157|720|1280
0|360|744|0|0|0|102385|720|1280
1|360|744|0|0|0|102390|720|1280
0|333|910|0|0|0|102395|720|1280
1|333|910|0|0|0|102400|720|1280
0|43|1237|0|0|0|102405|720|1280
1|43|1237|0|0|0|102410|720|1280
0|353|1099|0|0|0|102615|720|1280
1|353|1099|0|0|0|102620|720|1280
0|183|785|0|0|0|102643|720|1280
1|183|785|0|0|0|102648|720|1280
0|470|740|0|0|0|102653|720|1280
1|470|740|0|0|0|102658|720|1280
0|360|744|0|0|0|102881|720|1280
1|360|744|0|0|0|102886|720|1280
0|333|910|0|0|0|102891|720|1280
1|333|910|0|0|0|102896|720|1280
0|43|1237|0|0|0|102901|720|1280
1|43|1237|0|0|0|102906|720|1280
0|646|65|0|0|0|103386|720|1280
1|-74|65|0|0|0|103486|720|1280
0|646|65|0|0|0|103586|720|1280