0|340|430|0|0|0|5352|720|1280
1|0|-1|0|0|0|5479|720|1280
0|166|779|0|0|0|10216|720|1280
1|0|-1|0|0|0|10327|720|1280
0|338|431|0|0|0|16776|720|1280
1|0|-1|0|0|0|16895|720|1280
0|474|740|0|0|0|24167|720|1280
1|0|-1|0|0|0|24287|720|1280
0|347|1123|0|0|0|33136|720|1280
1|0|-1|0|0|0|33263|720|1280
0|362|407|0|0|0|41144|720|1280
1|0|-1|0|0|0|41255|720|1280
0|347|1123|0|0|0|48464|720|1280
1|0|-1|0|0|0|48583|720|1280
0|281|632|0|0|0|62065|720|1280
1|0|-1|0|0|0|62167|720|1280
0|57|1244|0|0|0|65497|720|1280
1|0|-1|0|0|0|65502|720|1280
0|663|123|0|0|0|65966|720|1280
1|0|-1|0|0|0|65971|720|1280
0|57|1244|0|0|0|66481|720|1280
1|0|-1|0|0|0|66486|720|1280
0|663|123|0|0|0|66984|720|1280
1|0|-1|0|0|0|66988|720|1280
0|57|1244|0|0|0|67504|720|1280
1|0|-1|0|0|0|67509|720|1280
0|663|123|0|0|0|67996|720|1280
1|0|-1|0|0|0|68001|720|1280
0|57|1244|0|0|0|68510|720|1280
1|0|-1|0|0|0|68515|720|1280
0|663|123|0|0|0|69010|720|1280
1|0|-1|0|0|0|69014|720|1280
0|57|1244|0|0|0|69524|720|1280
1|0|-1|0|0|0|69529|720|1280
0|663|123|0|0|0|70025|720|1280
1|0|-1|0|0|0|70030|720|1280
0|57|1244|0|0|0|70538|720|1280
1|0|-1|0|0|0|70543|720|1280
0|663|123|0|0|0|71039|720|1280
1|0|-1|0|0|0|71044|720|1280
0|57|1244|0|0|0|71557|720|1280
1|0|-1|0|0|0|71562|720|1280
0|663|123|0|0|0|72051|720|1280
1|0|-1|0|0|0|72056|720|1280
0|57|1244|0|0|0|72565|720|1280
1|0|-1|0|0|0|72570|720|1280
0|663|123|0|0|0|73071|720|1280
1|0|-1|0|0|0|73076|720|1280
0|57|1244|0|0|0|73581|720|1280
1|0|-1|0|0|0|73586|720|1280
0|663|123|0|0|0|74079|720|1280
1|0|-1|0|0|0|74084|720|1280
0|57|1244|0|0|0|74598|720|1280
1|0|-1|0|0|0|74602|720|1280
0|663|123|0|0|0|75093|720|1280
1|0|-1|0|0|0|75098|720|1280
0|57|1244|0|0|0|75607|720|1280
1|0|-1|0|0|0|75612|720|1280
0|663|123|0|0|0|76110|720|1280
1|0|-1|0|0|0|76115|720|1280
0|57|1244|0|0|0|76622|720|1280
1|0|-1|0|0|0|76628|720|1280
0|663|123|0|0|0|77122|720|1280
1|0|-1|0|0|0|77128|720|1280
0|57|1244|0|0|0|77638|720|1280
1|0|-1|0|0|0|77643|720|1280
0|663|123|0|0|0|78136|720|1280
1|0|-1|0|0|0|78141|720|1280
0|57|1244|0|0|0|78650|720|1280
1|0|-1|0|0|0|78655|720|1280
0|663|123|0|0|0|79151|720|1280
1|0|-1|0|0|0|79155|720|1280
0|57|1244|0|0|0|79665|720|1280
1|0|-1|0|0|0|79670|720|1280
0|663|123|0|0|0|80165|720|1280
1|0|-1|0|0|0|80170|720|1280
0|57|1244|0|0|0|80678|720|1280
1|0|-1|0|0|0|80683|720|1280
0|663|123|0|0|0|81176|720|1280
1|0|-1|0|0|0|81181|720|1280
0|57|1244|0|0|0|81691|720|1280
1|0|-1|0|0|0|81696|720|1280
0|663|123|0|0|0|82190|720|1280
1|0|-1|0|0|0|82195|720|1280
0|57|1244|0|0|0|82709|720|1280
1|0|-1|0|0|0|82713|720|1280
0|663|123|0|0|0|83204|720|1280
1|0|-1|0|0|0|83209|720|1280
0|57|1244|0|0|0|83723|720|1280
1|0|-1|0|0|0|83728|720|1280
0|663|123|0|0|0|84219|720|1280
1|0|-1|0|0|0|84224|720|1280
0|57|1244|0|0|0|84733|720|1280
1|0|-1|0|0|0|84738|720|1280
0|663|123|0|0|0|85233|720|1280
1|0|-1|0|0|0|85238|720|1280
0|57|1244|0|0|0|85748|720|1280
1|0|-1|0|0|0|85754|720|1280
0|663|123|0|0|0|86248|720|1280
1|0|-1|0|0|0|86254|720|1280
0|57|1244|0|0|0|86764|720|1280
1|0|-1|0|0|0|86769|720|1280
0|663|123|0|0|0|87261|720|1280
1|0|-1|0|0|0|87266|720|1280
0|57|1244|0|0|0|87775|720|1280
1|0|-1|0|0|0|87780|720|1280
0|663|123|0|0|0|88281|720|1280
1|0|-1|0|0|0|88286|720|1280
0|57|1244|0|0|0|88789|720|1280
1|0|-1|0|0|0|88794|720|1280
0|663|123|0|0|0|89292|720|1280
1|0|-1|0|0|0|89296|720|1280
0|57|1244|0|0|0|89803|720|1280
1|0|-1|0|0|0|89808|720|1280
0|663|123|0|0|0|90302|720|1280
1|0|-1|0|0|0|90307|720|1280
0|57|1244|0|0|0|90818|720|1280
1|0|-1|0|0|0|90822|720|1280
0|663|123|0|0|0|91321|720|1280
1|0|-1|0|0|0|91326|720|1280
0|57|1244|0|0|0|91831|720|1280
1|0|-1|0|0|0|91836|720|1280
0|663|123|0|0|0|92333|720|1280
1|0|-1|0|0|0|92338|720|1280
0|57|1244|0|0|0|92845|720|1280
1|0|-1|0|0|0|92850|720|1280
0|663|123|0|0|0|93345|720|1280
1|0|-1|0|0|0|93350|720|1280
0|57|1244|0|0|0|93859|720|1280
1|0|-1|0|0|0|93864|720|1280
0|663|123|0|0|0|94358|720|1280
1|0|-1|0|0|0|94363|720|1280
0|57|1244|0|0|0|94878|720|1280
1|0|-1|0|0|0|94883|720|1280
0|663|123|0|0|0|95373|720|1280
1|0|-1|0|0|0|95378|720|1280
0|57|1244|0|0|0|95892|720|1280
1|0|-1|0|0|0|95897|720|1280
0|663|123|0|0|0|96387|720|1280
1|0|-1|0|0|0|96392|720|1280
0|57|1244|0|0|0|96901|720|1280
1|0|-1|0|0|0|96906|720|1280
0|663|123|0|0|0|97408|720|1280
1|0|-1|0|0|0|97412|720|1280
0|57|1244|0|0|0|97917|720|1280
1|0|-1|0|0|0|97922|720|1280
0|663|123|0|0|0|98415|720|1280
1|0|-1|0|0|0|98419|720|1280
0|57|1244|0|0|0|98934|720|1280
1|0|-1|0|0|0|98939|720|1280
0|663|123|0|0|0|99428|720|1280
1|0|-1|0|0|0|99433|720|1280
0|57|1244|0|0|0|99944|720|1280
1|0|-1|0|0|0|99949|720|1280
0|663|123|0|0|0|100444|720|1280
1|0|-1|0|0|0|100449|720|1280
0|57|1244|0|0|0|100958|720|1280
1|0|-1|0|0|0|100963|720|1280
0|663|123|0|0|0|101462|720|1280
1|0|-1|0|0|0|101466|720|1280
0|57|1244|0|0|0|101971|720|1280
1|0|-1|0|0|0|101976|720|1280
0|663|123|0|0|0|102470|720|1280
1|0|-1|0|0|0|102475|720|1280
0|57|1244|0|0|0|102985|720|1280
1|0|-1|0|0|0|102989|720|1280
0|663|123|0|0|0|103489|720|1280
1|0|-1|0|0|0|103494|720|1280
0|57|1244|0|0|0|104008|720|1280
1|0|-1|0|0|0|104013|720|1280
0|663|123|0|0|0|104503|720|1280
1|0|-1|0|0|0|104508|720|1280
0|57|1244|0|0|0|105013|720|1280
1|0|-1|0|0|0|105018|720|1280
0|663|123|0|0|0|105514|720|1280
1|0|-1|0|0|0|105519|720|1280
0|57|1244|0|0|0|106027|720|1280
1|0|-1|0|0|0|106032|720|1280
0|663|123|0|0|0|106529|720|1280
1|0|-1|0|0|0|106533|720|1280
0|57|1244|0|0|0|107042|720|1280
1|0|-1|0|0|0|107047|720|1280
0|663|123|0|0|0|107545|720|1280
1|0|-1|0|0|0|107550|720|1280
0|57|1244|0|0|0|108057|720|1280
1|0|-1|0|0|0|108062|720|1280
0|663|123|0|0|0|108554|720|1280
1|0|-1|0|0|0|108559|720|1280
0|57|1244|0|0|0|109070|720|1280
1|0|-1|0|0|0|109075|720|1280
0|663|123|0|0|0|109576|720|1280
1|0|-1|0|0|0|109581|720|1280
0|57|1244|0|0|0|110085|720|1280
1|0|-1|0|0|0|110090|720|1280
0|663|123|0|0|0|110584|720|1280
1|0|-1|0|0|0|110589|720|1280
0|57|1244|0|0|0|111101|720|1280
1|0|-1|0|0|0|111106|720|1280
0|663|123|0|0|0|111597|720|1280
1|0|-1|0|0|0|111602|720|1280
0|57|1244|0|0|0|112111|720|1280
1|0|-1|0|0|0|112116|720|1280
0|663|123|0|0|0|112611|720|1280
1|0|-1|0|0|0|112616|720|1280
0|57|1244|0|0|0|113125|720|1280
1|0|-1|0|0|0|113131|720|1280
0|663|123|0|0|0|113627|720|1280
1|0|-1|0|0|0|113632|720|1280
0|57|1244|0|0|0|114140|720|1280
1|0|-1|0|0|0|114144|720|1280
0|663|123|0|0|0|114639|720|1280
1|0|-1|0|0|0|114644|720|1280
0|57|1244|0|0|0|115153|720|1280
1|0|-1|0|0|0|115158|720|1280
0|663|123|0|0|0|115657|720|1280
1|0|-1|0|0|0|115662|720|1280
0|57|1244|0|0|0|116176|720|1280
1|0|-1|0|0|0|116181|720|1280
0|663|123|0|0|0|116672|720|1280
1|0|-1|0|0|0|116677|720|1280
0|57|1244|0|0|0|117183|720|1280
1|0|-1|0|0|0|117188|720|1280
0|663|123|0|0|0|117681|720|1280
1|0|-1|0|0|0|117686|720|1280
0|57|1244|0|0|0|118195|720|1280
1|0|-1|0|0|0|118200|720|1280
0|663|123|0|0|0|118696|720|1280
1|0|-1|0|0|0|118701|720|1280
0|57|1244|0|0|0|119211|720|1280
1|0|-1|0|0|0|119216|720|1280
0|663|123|0|0|0|119713|720|1280
1|0|-1|0|0|0|119718|720|1280
0|57|1244|0|0|0|120227|720|1280
1|0|-1|0|0|0|120233|720|1280
0|663|123|0|0|0|120727|720|1280
1|0|-1|0|0|0|120730|720|1280
0|57|1244|0|0|0|121236|720|1280
1|0|-1|0|0|0|121241|720|1280
0|663|123|0|0|0|121741|720|1280
1|0|-1|0|0|0|121747|720|1280
0|57|1244|0|0|0|122253|720|1280
1|0|-1|0|0|0|122258|720|1280
0|663|123|0|0|0|122751|720|1280
1|0|-1|0|0|0|122756|720|1280
0|57|1244|0|0|0|123265|720|1280
1|0|-1|0|0|0|123270|720|1280
0|663|123|0|0|0|123765|720|1280
1|0|-1|0|0|0|123770|720|1280
0|57|1244|0|0|0|124279|720|1280
1|0|-1|0|0|0|124284|720|1280
0|663|123|0|0|0|124778|720|1280
1|0|-1|0|0|0|124783|720|1280
0|57|1244|0|0|0|125294|720|1280
1|0|-1|0|0|0|125299|720|1280
0|663|123|0|0|0|125798|720|1280
1|0|-1|0|0|0|125802|720|1280
0|57|1244|0|0|0|126307|720|1280
1|0|-1|0|0|0|126312|720|1280
0|663|123|0|0|0|126806|720|1280
1|0|-1|0|0|0|126811|720|1280
0|57|1244|0|0|0|127321|720|1280
1|0|-1|0|0|0|127326|720|1280
0|663|123|0|0|0|127822|720|1280
1|0|-1|0|0|0|127827|720|1280
0|57|1244|0|0|0|128336|720|1280
1|0|-1|0|0|0|128341|720|1280
0|663|123|0|0|0|128839|720|1280
1|0|-1|0|0|0|128844|720|1280
0|57|1244|0|0|0|129349|720|1280
1|0|-1|0|0|0|129354|720|1280
0|663|123|0|0|0|129848|720|1280
1|0|-1|0|0|0|129853|720|1280
0|57|1244|0|0|0|130363|720|1280
1|0|-1|0|0|0|130368|720|1280
0|663|123|0|0|0|130863|720|1280
1|0|-1|0|0|0|130868|720|1280
0|57|1244|0|0|0|131378|720|1280
1|0|-1|0|0|0|131383|720|1280
0|663|123|0|0|0|131881|720|1280
1|0|-1|0|0|0|131886|720|1280
0|57|1244|0|0|0|132395|720|1280
1|0|-1|0|0|0|132400|720|1280
0|663|123|0|0|0|132891|720|1280
1|0|-1|0|0|0|132896|720|1280
0|57|1244|0|0|0|133405|720|1280
1|0|-1|0|0|0|133410|720|1280
0|663|123|0|0|0|133912|720|1280
1|0|-1|0|0|0|133916|720|1280
0|57|1244|0|0|0|134421|720|1280
1|0|-1|0|0|0|134427|720|1280
0|663|123|0|0|0|134920|720|1280
1|0|-1|0|0|0|134925|720|1280
0|57|1244|0|0|0|135434|720|1280
1|0|-1|0|0|0|135439|720|1280
0|663|123|0|0|0|135933|720|1280
1|0|-1|0|0|0|135938|720|1280
0|57|1244|0|0|0|136447|720|1280
1|0|-1|0|0|0|136452|720|1280
0|663|123|0|0|0|136946|720|1280
1|0|-1|0|0|0|136951|720|1280
0|57|1244|0|0|0|137461|720|1280
1|0|-1|0|0|0|137466|720|1280
0|663|123|0|0|0|137964|720|1280
1|0|-1|0|0|0|137969|720|1280
0|57|1244|0|0|0|138474|720|1280
1|0|-1|0|0|0|138480|720|1280
0|663|123|0|0|0|138974|720|1280
1|0|-1|0|0|0|138979|720|1280
0|57|1244|0|0|0|139489|720|1280
1|0|-1|0|0|0|139495|720|1280
0|663|123|0|0|0|139992|720|1280
1|0|-1|0|0|0|139997|720|1280
0|57|1244|0|0|0|140510|720|1280
1|0|-1|0|0|0|140516|720|1280
0|663|123|0|0|0|141007|720|1280
1|0|-1|0|0|0|141012|720|1280
0|57|1244|0|0|0|141519|720|1280
1|0|-1|0|0|0|141523|720|1280
0|663|123|0|0|0|142017|720|1280
1|0|-1|0|0|0|142021|720|1280
0|57|1244|0|0|0|142531|720|1280
1|0|-1|0|0|0|142536|720|1280
0|663|123|0|0|0|143031|720|1280
1|0|-1|0|0|0|143035|720|1280
0|57|1244|0|0|0|143548|720|1280
1|0|-1|0|0|0|143553|720|1280
0|663|123|0|0|0|144048|720|1280
1|0|-1|0|0|0|144053|720|1280
0|57|1244|0|0|0|144564|720|1280
1|0|-1|0|0|0|144569|720|1280
0|663|123|0|0|0|145058|720|1280
1|0|-1|0|0|0|145064|720|1280
0|57|1244|0|0|0|145574|720|1280
1|0|-1|0|0|0|145579|720|1280
0|663|123|0|0|0|146072|720|1280
1|0|-1|0|0|0|146077|720|1280
0|57|1244|0|0|0|146587|720|1280
1|0|-1|0|0|0|146592|720|1280
0|663|123|0|0|0|147089|720|1280
1|0|-1|0|0|0|147094|720|1280
0|57|1244|0|0|0|147606|720|1280
1|0|-1|0|0|0|147611|720|1280
0|663|123|0|0|0|148101|720|1280
1|0|-1|0|0|0|148106|720|1280
0|57|1244|0|0|0|148615|720|1280
1|0|-1|0|0|0|148620|720|1280
0|663|123|0|0|0|149117|720|1280
1|0|-1|0|0|0|149121|720|1280
0|57|1244|0|0|0|149631|720|1280
1|0|-1|0|0|0|149635|720|1280
0|663|123|0|0|0|150132|720|1280
1|0|-1|0|0|0|150137|720|1280
0|57|1244|0|0|0|150642|720|1280
1|0|-1|0|0|0|150647|720|1280
0|663|123|0|0|0|151143|720|1280
1|0|-1|0|0|0|151147|720|1280
0|57|1244|0|0|0|151657|720|1280
1|0|-1|0|0|0|151663|720|1280
0|663|123|0|0|0|152160|720|1280
1|0|-1|0|0|0|152165|720|1280
0|57|1244|0|0|0|152676|720|1280
1|0|-1|0|0|0|152681|720|1280
0|663|123|0|0|0|153171|720|1280
1|0|-1|0|0|0|153175|720|1280
0|57|1244|0|0|0|153686|720|1280
1|0|-1|0|0|0|153691|720|1280
0|663|123|0|0|0|154183|720|1280
1|0|-1|0|0|0|154188|720|1280
0|57|1244|0|0|0|154699|720|1280
1|0|-1|0|0|0|154704|720|1280
0|663|123|0|0|0|155200|720|1280
1|0|-1|0|0|0|155205|720|1280
0|57|1244|0|0|0|155719|720|1280
1|0|-1|0|0|0|155724|720|1280
0|663|123|0|0|0|156212|720|1280
1|0|-1|0|0|0|156217|720|1280
0|57|1244|0|0|0|156736|720|1280
1|0|-1|0|0|0|156737|720|1280
0|663|123|0|0|0|157227|720|1280
1|0|-1|0|0|0|157232|720|1280
0|57|1244|0|0|0|157744|720|1280
1|0|-1|0|0|0|157747|720|1280
0|663|123|0|0|0|158241|720|1280
1|0|-1|0|0|0|158246|720|1280
0|57|1244|0|0|0|158755|720|1280
1|0|-1|0|0|0|158760|720|1280
0|663|123|0|0|0|159256|720|1280
1|0|-1|0|0|0|159261|720|1280
0|57|1244|0|0|0|159768|720|1280
1|0|-1|0|0|0|159773|720|1280
0|663|123|0|0|0|160267|720|1280
1|0|-1|0|0|0|160272|720|1280
0|57|1244|0|0|0|160782|720|1280
1|0|-1|0|0|0|160787|720|1280
0|663|123|0|0|0|161286|720|1280
1|0|-1|0|0|0|161291|720|1280
0|57|1244|0|0|0|161798|720|1280
1|0|-1|0|0|0|161804|720|1280
0|663|123|0|0|0|162300|720|1280
1|0|-1|0|0|0|162305|720|1280
0|57|1244|0|0|0|162812|720|1280
1|0|-1|0|0|0|162818|720|1280
0|663|123|0|0|0|163310|720|1280
1|0|-1|0|0|0|163315|720|1280
0|57|1244|0|0|0|163824|720|1280
1|0|-1|0|0|0|163829|720|1280
0|663|123|0|0|0|164328|720|1280
1|0|-1|0|0|0|164333|720|1280
0|57|1244|0|0|0|164841|720|1280
1|0|-1|0|0|0|164846|720|1280
0|663|123|0|0|0|165343|720|1280
1|0|-1|0|0|0|165348|720|1280
0|57|1244|0|0|0|165853|720|1280
1|0|-1|0|0|0|165858|720|1280
0|663|123|0|0|0|166353|720|1280
1|0|-1|0|0|0|166357|720|1280
0|57|1244|0|0|0|166866|720|1280
1|0|-1|0|0|0|166871|720|1280
0|663|123|0|0|0|167368|720|1280
1|0|-1|0|0|0|167372|720|1280
0|57|1244|0|0|0|167887|720|1280
1|0|-1|0|0|0|167892|720|1280
0|663|123|0|0|0|168385|720|1280
1|0|-1|0|0|0|168390|720|1280
0|57|1244|0|0|0|168899|720|1280
1|0|-1|0|0|0|168904|720|1280
0|663|123|0|0|0|169395|720|1280
1|0|-1|0|0|0|169399|720|1280
0|57|1244|0|0|0|169909|720|1280
1|0|-1|0|0|0|169914|720|1280
0|663|123|0|0|0|170408|720|1280
1|0|-1|0|0|0|170413|720|1280
0|57|1244|0|0|0|170923|720|1280
1|0|-1|0|0|0|170928|720|1280
0|663|123|0|0|0|171422|720|1280
1|0|-1|0|0|0|171427|720|1280
0|57|1244|0|0|0|171937|720|1280
1|0|-1|0|0|0|171942|720|1280
0|663|123|0|0|0|172436|720|1280
1|0|-1|0|0|0|172441|720|1280
0|57|1244|0|0|0|172952|720|1280
1|0|-1|0|0|0|172957|720|1280
0|663|123|0|0|0|173456|720|1280
1|0|-1|0|0|0|173460|720|1280
0|57|1244|0|0|0|173965|720|1280
1|0|-1|0|0|0|173971|720|1280
0|663|123|0|0|0|174469|720|1280
1|0|-1|0|0|0|174474|720|1280
0|57|1244|0|0|0|174981|720|1280
1|0|-1|0|0|0|174986|720|1280
0|663|123|0|0|0|175478|720|1280
1|0|-1|0|0|0|175483|720|1280
0|57|1244|0|0|0|175993|720|1280
1|0|-1|0|0|0|175998|720|1280
0|663|123|0|0|0|176496|720|1280
1|0|-1|0|0|0|176501|720|1280
0|57|1244|0|0|0|178515|720|1280
1|0|-1|0|0|0|178520|720|1280
0|663|123|0|0|0|178984|720|1280
1|0|-1|0|0|0|178989|720|1280
0|57|1244|0|0|0|179499|720|1280
1|0|-1|0|0|0|179504|720|1280
0|663|123|0|0|0|180001|720|1280
1|0|-1|0|0|0|180006|720|1280
0|57|1244|0|0|0|180522|720|1280
1|0|-1|0|0|0|180527|720|1280
0|663|123|0|0|0|181015|720|1280
1|0|-1|0|0|0|181019|720|1280
0|57|1244|0|0|0|181528|720|1280
1|0|-1|0|0|0|181533|720|1280
0|663|123|0|0|0|182028|720|1280
1|0|-1|0|0|0|182032|720|1280
0|57|1244|0|0|0|182542|720|1280
1|0|-1|0|0|0|182547|720|1280
0|663|123|0|0|0|183043|720|1280
1|0|-1|0|0|0|183048|720|1280
0|57|1244|0|0|0|183556|720|1280
1|0|-1|0|0|0|183561|720|1280
0|663|123|0|0|0|184057|720|1280
1|0|-1|0|0|0|184062|720|1280
0|57|1244|0|0|0|184575|720|1280
1|0|-1|0|0|0|184580|720|1280
0|663|123|0|0|0|185069|720|1280
1|0|-1|0|0|0|185074|720|1280
0|57|1244|0|0|0|185583|720|1280
1|0|-1|0|0|0|185588|720|1280
0|663|123|0|0|0|186089|720|1280
1|0|-1|0|0|0|186094|720|1280
0|57|1244|0|0|0|186599|720|1280
1|0|-1|0|0|0|186604|720|1280
0|663|123|0|0|0|187097|720|1280
1|0|-1|0|0|0|187102|720|1280
0|57|1244|0|0|0|187615|720|1280
1|0|-1|0|0|0|187620|720|1280
0|663|123|0|0|0|188111|720|1280
1|0|-1|0|0|0|188116|720|1280
0|57|1244|0|0|0|188625|720|1280
1|0|-1|0|0|0|188630|720|1280
0|663|123|0|0|0|189129|720|1280
1|0|-1|0|0|0|189133|720|1280
0|57|1244|0|0|0|189640|720|1280
1|0|-1|0|0|0|189646|720|1280
0|663|123|0|0|0|190140|720|1280
1|0|-1|0|0|0|190146|720|1280
0|57|1244|0|0|0|190656|720|1280
1|0|-1|0|0|0|190661|720|1280
0|663|123|0|0|0|191154|720|1280
1|0|-1|0|0|0|191159|720|1280
0|57|1244|0|0|0|191668|720|1280
1|0|-1|0|0|0|191673|720|1280
0|663|123|0|0|0|192169|720|1280
1|0|-1|0|0|0|192173|720|1280
0|57|1244|0|0|0|192683|720|1280
1|0|-1|0|0|0|192688|720|1280
0|663|123|0|0|0|193184|720|1280
1|0|-1|0|0|0|193188|720|1280
0|57|1244|0|0|0|193696|720|1280
1|0|-1|0|0|0|193701|720|1280
0|663|123|0|0|0|194194|720|1280
1|0|-1|0|0|0|194199|720|1280
0|57|1244|0|0|0|194709|720|1280
1|0|-1|0|0|0|194714|720|1280
0|663|123|0|0|0|195208|720|1280
1|0|-1|0|0|0|195213|720|1280
0|57|1244|0|0|0|195726|720|1280
1|0|-1|0|0|0|195731|720|1280
0|663|123|0|0|0|196222|720|1280
1|0|-1|0|0|0|196227|720|1280
0|57|1244|0|0|0|196741|720|1280
1|0|-1|0|0|0|196746|720|1280
0|663|123|0|0|0|197237|720|1280
1|0|-1|0|0|0|197242|720|1280
0|57|1244|0|0|0|197751|720|1280
1|0|-1|0|0|0|197756|720|1280
0|663|123|0|0|0|198251|720|1280
1|0|-1|0|0|0|198256|720|1280
0|57|1244|0|0|0|198766|720|1280
1|0|-1|0|0|0|198772|720|1280
0|663|123|0|0|0|199266|720|1280
1|0|-1|0|0|0|199272|720|1280
0|57|1244|0|0|0|199782|720|1280
1|0|-1|0|0|0|199787|720|1280
0|663|123|0|0|0|200279|720|1280
1|0|-1|0|0|0|200284|720|1280
0|57|1244|0|0|0|200794|720|1280
1|0|-1|0|0|0|200798|720|1280
0|663|123|0|0|0|201299|720|1280
1|0|-1|0|0|0|201304|720|1280
0|57|1244|0|0|0|201807|720|1280
1|0|-1|0|0|0|201812|720|1280
0|663|123|0|0|0|202310|720|1280
1|0|-1|0|0|0|202314|720|1280
0|57|1244|0|0|0|202821|720|1280
1|0|-1|0|0|0|202826|720|1280
0|663|123|0|0|0|203320|720|1280
1|0|-1|0|0|0|203325|720|1280
0|57|1244|0|0|0|203835|720|1280
1|0|-1|0|0|0|203840|720|1280
0|663|123|0|0|0|204339|720|1280
1|0|-1|0|0|0|204344|720|1280
0|57|1244|0|0|0|204849|720|1280
1|0|-1|0|0|0|204854|720|1280
0|663|123|0|0|0|205351|720|1280
1|0|-1|0|0|0|205356|720|1280
0|57|1244|0|0|0|205863|720|1280
1|0|-1|0|0|0|205868|720|1280
0|663|123|0|0|0|206363|720|1280
1|0|-1|0|0|0|206368|720|1280
0|57|1244|0|0|0|206877|720|1280
1|0|-1|0|0|0|206882|720|1280
0|663|123|0|0|0|207376|720|1280
1|0|-1|0|0|0|207381|720|1280
0|57|1244|0|0|0|207896|720|1280
1|0|-1|0|0|0|207901|720|1280
0|663|123|0|0|0|208391|720|1280
1|0|-1|0|0|0|208396|720|1280
0|57|1244|0|0|0|208911|720|1280
1|0|-1|0|0|0|208915|720|1280
0|663|123|0|0|0|209405|720|1280
1|0|-1|0|0|0|209410|720|1280
0|57|1244|0|0|0|209919|720|1280
1|0|-1|0|0|0|209924|720|1280
0|663|123|0|0|0|210426|720|1280
1|0|-1|0|0|0|210430|720|1280
0|57|1244|0|0|0|210935|720|1280
1|0|-1|0|0|0|210940|720|1280
0|663|123|0|0|0|211432|720|1280
1|0|-1|0|0|0|211437|720|1280
0|57|1244|0|0|0|211952|720|1280
1|0|-1|0|0|0|211957|720|1280
0|663|123|0|0|0|212446|720|1280
1|0|-1|0|0|0|212451|720|1280
0|57|1244|0|0|0|212962|720|1280
1|0|-1|0|0|0|212967|720|1280
0|663|123|0|0|0|213462|720|1280
1|0|-1|0|0|0|213467|720|1280
0|57|1244|0|0|0|213976|720|1280
1|0|-1|0|0|0|213981|720|1280
0|663|123|0|0|0|214480|720|1280
1|0|-1|0|0|0|214484|720|1280
0|57|1244|0|0|0|214989|720|1280
1|0|-1|0|0|0|214994|720|1280
0|663|123|0|0|0|215488|720|1280
1|0|-1|0|0|0|215493|720|1280
0|57|1244|0|0|0|216003|720|1280
1|0|-1|0|0|0|216007|720|1280
0|663|123|0|0|0|216508|720|1280
1|0|-1|0|0|0|216512|720|1280
0|57|1244|0|0|0|217026|720|1280
1|0|-1|0|0|0|217031|720|1280
0|663|123|0|0|0|217521|720|1280
1|0|-1|0|0|0|217526|720|1280
0|57|1244|0|0|0|218031|720|1280
1|0|-1|0|0|0|218036|720|1280
0|663|123|0|0|0|218532|720|1280
1|0|-1|0|0|0|218537|720|1280
0|57|1244|0|0|0|219045|720|1280
1|0|-1|0|0|0|219050|720|1280
0|663|123|0|0|0|219546|720|1280
1|0|-1|0|0|0|219551|720|1280
0|57|1244|0|0|0|220060|720|1280
1|0|-1|0|0|0|220065|720|1280
0|663|123|0|0|0|220563|720|1280
1|0|-1|0|0|0|220568|720|1280
0|57|1244|0|0|0|221075|720|1280
1|0|-1|0|0|0|221080|720|1280
0|663|123|0|0|0|221572|720|1280
1|0|-1|0|0|0|221577|720|1280
0|57|1244|0|0|0|222088|720|1280
1|0|-1|0|0|0|222093|720|1280
0|663|123|0|0|0|222594|720|1280
1|0|-1|0|0|0|222599|720|1280
0|57|1244|0|0|0|223103|720|1280
1|0|-1|0|0|0|223108|720|1280
0|663|123|0|0|0|223602|720|1280
1|0|-1|0|0|0|223607|720|1280
0|57|1244|0|0|0|224119|720|1280
1|0|-1|0|0|0|224124|720|1280
0|663|123|0|0|0|224616|720|1280
1|0|-1|0|0|0|224620|720|1280
0|57|1244|0|0|0|225129|720|1280
1|0|-1|0|0|0|225134|720|1280
0|663|123|0|0|0|225629|720|1280
1|0|-1|0|0|0|225634|720|1280
0|57|1244|0|0|0|226143|720|1280
1|0|-1|0|0|0|226149|720|1280
0|663|123|0|0|0|226645|720|1280
1|0|-1|0|0|0|226650|720|1280
0|57|1244|0|0|0|227157|720|1280
1|0|-1|0|0|0|227162|720|1280
0|663|123|0|0|0|227657|720|1280
1|0|-1|0|0|0|227662|720|1280
0|57|1244|0|0|0|228171|720|1280
1|0|-1|0|0|0|228176|720|1280
0|663|123|0|0|0|228675|720|1280
1|0|-1|0|0|0|228680|720|1280
0|57|1244|0|0|0|229194|720|1280
1|0|-1|0|0|0|229199|720|1280
0|663|123|0|0|0|229690|720|1280
1|0|-1|0|0|0|229695|720|1280
0|57|1244|0|0|0|230201|720|1280
1|0|-1|0|0|0|230206|720|1280
0|663|123|0|0|0|230699|720|1280
1|0|-1|0|0|0|230704|720|1280
0|57|1244|0|0|0|231213|720|1280
1|0|-1|0|0|0|231218|720|1280
0|663|123|0|0|0|231714|720|1280
1|0|-1|0|0|0|231719|720|1280
0|57|1244|0|0|0|232230|720|1280
1|0|-1|0|0|0|232234|720|1280
0|663|123|0|0|0|232731|720|1280
1|0|-1|0|0|0|232736|720|1280
0|57|1244|0|0|0|233245|720|1280
1|0|-1|0|0|0|233251|720|1280
0|663|123|0|0|0|233741|720|1280
1|0|-1|0|0|0|233746|720|1280
0|57|1244|0|0|0|234254|720|1280
1|0|-1|0|0|0|234259|720|1280
0|663|123|0|0|0|234759|720|1280
1|0|-1|0|0|0|234765|720|1280
0|57|1244|0|0|0|235271|720|1280
1|0|-1|0|0|0|235276|720|1280
0|663|123|0|0|0|235769|720|1280
1|0|-1|0|0|0|235774|720|1280
0|57|1244|0|0|0|236283|720|1280
1|0|-1|0|0|0|236288|720|1280
0|663|123|0|0|0|236783|720|1280
1|0|-1|0|0|0|236788|720|1280
0|57|1244|0|0|0|237297|720|1280
1|0|-1|0|0|0|237302|720|1280
0|663|123|0|0|0|237796|720|1280
1|0|-1|0|0|0|237801|720|1280
0|57|1244|0|0|0|238312|720|1280
1|0|-1|0|0|0|238317|720|1280
0|663|123|0|0|0|238815|720|1280
1|0|-1|0|0|0|238820|720|1280
0|57|1244|0|0|0|239325|720|1280
1|0|-1|0|0|0|239330|720|1280
0|663|123|0|0|0|239824|720|1280
1|0|-1|0|0|0|239829|720|1280
0|57|1244|0|0|0|240340|720|1280
1|0|-1|0|0|0|240344|720|1280
0|663|123|0|0|0|240840|720|1280
1|0|-1|0|0|0|240845|720|1280
0|57|1244|0|0|0|241354|720|1280
1|0|-1|0|0|0|241359|720|1280
0|663|123|0|0|0|241857|720|1280
1|0|-1|0|0|0|241862|720|1280
0|57|1244|0|0|0|242367|720|1280
1|0|-1|0|0|0|242372|720|1280
0|663|123|0|0|0|242866|720|1280
1|0|-1|0|0|0|242871|720|1280
0|57|1244|0|0|0|243381|720|1280
1|0|-1|0|0|0|243386|720|1280
0|663|123|0|0|0|243881|720|1280
1|0|-1|0|0|0|243886|720|1280
0|57|1244|0|0|0|244396|720|1280
1|0|-1|0|0|0|244401|720|1280
0|663|123|0|0|0|244899|720|1280
1|0|-1|0|0|0|244904|720|1280
0|57|1244|0|0|0|245413|720|1280
1|0|-1|0|0|0|245418|720|1280
0|663|123|0|0|0|245909|720|1280
1|0|-1|0|0|0|245914|720|1280
0|57|1244|0|0|0|246423|720|1280
1|0|-1|0|0|0|246428|720|1280
0|663|123|0|0|0|246929|720|1280
1|0|-1|0|0|0|246934|720|1280
0|57|1244|0|0|0|247439|720|1280
1|0|-1|0|0|0|247445|720|1280
0|663|123|0|0|0|247939|720|1280
1|0|-1|0|0|0|247943|720|1280
0|57|1244|0|0|0|248452|720|1280
1|0|-1|0|0|0|248457|720|1280
0|663|123|0|0|0|248951|720|1280
1|0|-1|0|0|0|248956|720|1280
0|57|1244|0|0|0|249465|720|1280
1|0|-1|0|0|0|249470|720|1280
0|663|123|0|0|0|249964|720|1280
1|0|-1|0|0|0|249969|720|1280
0|57|1244|0|0|0|250479|720|1280
1|0|-1|0|0|0|250484|720|1280
0|663|123|0|0|0|250982|720|1280
1|0|-1|0|0|0|250987|720|1280
0|57|1244|0|0|0|251492|720|1280
1|0|-1|0|0|0|251498|720|1280
0|663|123|0|0|0|251992|720|1280
1|0|-1|0|0|0|251997|720|1280
0|57|1244|0|0|0|252507|720|1280
1|0|-1|0|0|0|252513|720|1280
0|663|123|0|0|0|253010|720|1280
1|0|-1|0|0|0|253015|720|1280
0|57|1244|0|0|0|253528|720|1280
1|0|-1|0|0|0|253534|720|1280
0|663|123|0|0|0|254025|720|1280
1|0|-1|0|0|0|254030|720|1280
0|57|1244|0|0|0|254536|720|1280
1|0|-1|0|0|0|254541|720|1280
0|663|123|0|0|0|255035|720|1280
1|0|-1|0|0|0|255039|720|1280
0|57|1244|0|0|0|255549|720|1280
1|0|-1|0|0|0|255554|720|1280
0|663|123|0|0|0|256049|720|1280
1|0|-1|0|0|0|256053|720|1280
0|57|1244|0|0|0|256566|720|1280
1|0|-1|0|0|0|256571|720|1280
0|663|123|0|0|0|257066|720|1280
1|0|-1|0|0|0|257071|720|1280
0|57|1244|0|0|0|257582|720|1280
1|0|-1|0|0|0|257587|720|1280
0|663|123|0|0|0|258076|720|1280
1|0|-1|0|0|0|258082|720|1280
0|57|1244|0|0|0|258592|720|1280
1|0|-1|0|0|0|258597|720|1280
0|663|123|0|0|0|259090|720|1280
1|0|-1|0|0|0|259095|720|1280
0|57|1244|0|0|0|259605|720|1280
1|0|-1|0|0|0|259610|720|1280
0|663|123|0|0|0|260108|720|1280
1|0|-1|0|0|0|260112|720|1280
0|57|1244|0|0|0|260624|720|1280
1|0|-1|0|0|0|260629|720|1280
0|663|123|0|0|0|261119|720|1280
1|0|-1|0|0|0|261124|720|1280
0|57|1244|0|0|0|261633|720|1280
1|0|-1|0|0|0|261638|720|1280
0|663|123|0|0|0|262135|720|1280
1|0|-1|0|0|0|262139|720|1280
0|57|1244|0|0|0|262648|720|1280
1|0|-1|0|0|0|262653|720|1280
0|663|123|0|0|0|263150|720|1280
1|0|-1|0|0|0|263155|720|1280
0|57|1244|0|0|0|263660|720|1280
1|0|-1|0|0|0|263665|720|1280
0|663|123|0|0|0|264161|720|1280
1|0|-1|0|0|0|264165|720|1280
0|57|1244|0|0|0|264675|720|1280
1|0|-1|0|0|0|264681|720|1280
0|663|123|0|0|0|265178|720|1280
1|0|-1|0|0|0|265183|720|1280
0|57|1244|0|0|0|265694|720|1280
1|0|-1|0|0|0|265699|720|1280
0|663|123|0|0|0|266189|720|1280
1|0|-1|0|0|0|266193|720|1280
0|57|1244|0|0|0|266704|720|1280
1|0|-1|0|0|0|266709|720|1280
0|663|123|0|0|0|267201|720|1280
1|0|-1|0|0|0|267206|720|1280
0|57|1244|0|0|0|267718|720|1280
1|0|-1|0|0|0|267722|720|1280
0|663|123|0|0|0|268218|720|1280
1|0|-1|0|0|0|268223|720|1280
0|57|1244|0|0|0|268737|720|1280
1|0|-1|0|0|0|268742|720|1280
0|663|123|0|0|0|269230|720|1280
1|0|-1|0|0|0|269235|720|1280
0|57|1244|0|0|0|269751|720|1280
1|0|-1|0|0|0|269755|720|1280
0|663|123|0|0|0|270245|720|1280
1|0|-1|0|0|0|270250|720|1280
0|57|1244|0|0|0|270761|720|1280
1|0|-1|0|0|0|270765|720|1280
0|663|123|0|0|0|271259|720|1280
1|0|-1|0|0|0|271264|720|1280
0|57|1244|0|0|0|271773|720|1280
1|0|-1|0|0|0|271778|720|1280
0|663|123|0|0|0|272274|720|1280
1|0|-1|0|0|0|272280|720|1280
0|57|1244|0|0|0|272786|720|1280
1|0|-1|0|0|0|272791|720|1280
0|663|123|0|0|0|273285|720|1280
1|0|-1|0|0|0|273290|720|1280
0|57|1244|0|0|0|273800|720|1280
1|0|-1|0|0|0|273805|720|1280
0|663|123|0|0|0|274304|720|1280
1|0|-1|0|0|0|274309|720|1280
0|57|1244|0|0|0|274816|720|1280
1|0|-1|0|0|0|274822|720|1280
0|663|123|0|0|0|275318|720|1280
1|0|-1|0|0|0|275323|720|1280
0|57|1244|0|0|0|275831|720|1280
1|0|-1|0|0|0|275836|720|1280
0|663|123|0|0|0|276328|720|1280
1|0|-1|0|0|0|276333|720|1280
0|57|1244|0|0|0|276842|720|1280
1|0|-1|0|0|0|276847|720|1280
0|663|123|0|0|0|277346|720|1280
1|0|-1|0|0|0|277351|720|1280
0|57|1244|0|0|0|277859|720|1280
1|0|-1|0|0|0|277864|720|1280
0|663|123|0|0|0|278361|720|1280
1|0|-1|0|0|0|278366|720|1280
0|57|1244|0|0|0|278871|720|1280
1|0|-1|0|0|0|278876|720|1280
0|663|123|0|0|0|279371|720|1280
1|0|-1|0|0|0|279375|720|1280
0|57|1244|0|0|0|279884|720|1280
1|0|-1|0|0|0|279889|720|1280
0|663|123|0|0|0|280386|720|1280
1|0|-1|0|0|0|280390|720|1280
0|57|1244|0|0|0|280905|720|1280
1|0|-1|0|0|0|280910|720|1280
0|663|123|0|0|0|281403|720|1280
1|0|-1|0|0|0|281408|720|1280
0|57|1244|0|0|0|281917|720|1280
1|0|-1|0|0|0|281922|720|1280
0|663|123|0|0|0|282412|720|1280
1|0|-1|0|0|0|282417|720|1280
0|57|1244|0|0|0|282927|720|1280
1|0|-1|0|0|0|282932|720|1280
0|663|123|0|0|0|283427|720|1280
1|0|-1|0|0|0|283431|720|1280
0|57|1244|0|0|0|283941|720|1280
1|0|-1|0|0|0|283947|720|1280
0|663|123|0|0|0|284440|720|1280
1|0|-1|0|0|0|284445|720|1280
0|57|1244|0|0|0|284955|720|1280
1|0|-1|0|0|0|284960|720|1280
0|663|123|0|0|0|285454|720|1280
1|0|-1|0|0|0|285459|720|1280
0|57|1244|0|0|0|285970|720|1280
1|0|-1|0|0|0|285975|720|1280
0|663|123|0|0|0|286473|720|1280
1|0|-1|0|0|0|286478|720|1280
0|57|1244|0|0|0|286983|720|1280
1|0|-1|0|0|0|286989|720|1280
0|663|123|0|0|0|287488|720|1280
1|0|-1|0|0|0|287492|720|1280
0|57|1244|0|0|0|287999|720|1280
1|0|-1|0|0|0|288004|720|1280
0|663|123|0|0|0|288496|720|1280
1|0|-1|0|0|0|288501|720|1280
0|57|1244|0|0|0|289011|720|1280
1|0|-1|0|0|0|289016|720|1280
0|663|123|0|0|0|289514|720|1280
1|0|-1|0|0|0|289519|720|1280
0|57|1244|0|0|0|291533|720|1280
1|0|-1|0|0|0|291538|720|1280
0|663|123|0|0|0|292002|720|1280
1|0|-1|0|0|0|292007|720|1280
0|57|1244|0|0|0|292517|720|1280
1|0|-1|0|0|0|292522|720|1280
0|663|123|0|0|0|293019|720|1280
1|0|-1|0|0|0|293024|720|1280
0|57|1244|0|0|0|293540|720|1280
1|0|-1|0|0|0|293545|720|1280
0|663|123|0|0|0|294032|720|1280
1|0|-1|0|0|0|294037|720|1280
0|57|1244|0|0|0|294546|720|1280
1|0|-1|0|0|0|294551|720|1280
0|663|123|0|0|0|295046|720|1280
1|0|-1|0|0|0|295050|720|1280
0|57|1244|0|0|0|295561|720|1280
1|0|-1|0|0|0|295565|720|1280
0|663|123|0|0|0|296061|720|1280
1|0|-1|0|0|0|296066|720|1280
0|57|1244|0|0|0|296574|720|1280
1|0|-1|0|0|0|296579|720|1280
0|663|123|0|0|0|297075|720|1280
1|0|-1|0|0|0|297080|720|1280
0|57|1244|0|0|0|297593|720|1280
1|0|-1|0|0|0|297598|720|1280
0|663|123|0|0|0|298087|720|1280
1|0|-1|0|0|0|298092|720|1280
0|57|1244|0|0|0|298601|720|1280
1|0|-1|0|0|0|298606|720|1280
0|663|123|0|0|0|299107|720|1280
1|0|-1|0|0|0|299112|720|1280
0|57|1244|0|0|0|299617|720|1280
1|0|-1|0|0|0|299622|720|1280
0|663|123|0|0|0|300115|720|1280
1|0|-1|0|0|0|300120|720|1280
0|57|1244|0|0|0|300633|720|1280
1|0|-1|0|0|0|300638|720|1280
0|663|123|0|0|0|301129|720|1280
1|0|-1|0|0|0|301134|720|1280
0|57|1244|0|0|0|301643|720|1280
1|0|-1|0|0|0|301648|720|1280
0|663|123|0|0|0|302146|720|1280
1|0|-1|0|0|0|302151|720|1280
0|57|1244|0|0|0|302658|720|1280
1|0|-1|0|0|0|302664|720|1280
0|663|123|0|0|0|303159|720|1280
1|0|-1|0|0|0|303164|720|1280
0|57|1244|0|0|0|303674|720|1280
1|0|-1|0|0|0|303679|720|1280
0|663|123|0|0|0|304172|720|1280
1|0|-1|0|0|0|304177|720|1280
0|57|1244|0|0|0|304686|720|1280
1|0|-1|0|0|0|304691|720|1280
0|663|123|0|0|0|305187|720|1280
1|0|-1|0|0|0|305191|720|1280
0|57|1244|0|0|0|305701|720|1280
1|0|-1|0|0|0|305706|720|1280
0|663|123|0|0|0|306201|720|1280
1|0|-1|0|0|0|306206|720|1280
0|57|1244|0|0|0|306714|720|1280
1|0|-1|0|0|0|306719|720|1280
0|663|123|0|0|0|307212|720|1280
1|0|-1|0|0|0|307217|720|1280
0|57|1244|0|0|0|307727|720|1280
1|0|-1|0|0|0|307732|720|1280
0|663|123|0|0|0|308226|720|1280
1|0|-1|0|0|0|308231|720|1280
0|57|1244|0|0|0|308744|720|1280
1|0|-1|0|0|0|308749|720|1280
0|663|123|0|0|0|309240|720|1280
1|0|-1|0|0|0|309245|720|1280
0|57|1244|0|0|0|309759|720|1280
1|0|-1|0|0|0|309764|720|1280
0|663|123|0|0|0|310255|720|1280
1|0|-1|0|0|0|310260|720|1280
0|57|1244|0|0|0|310769|720|1280
1|0|-1|0|0|0|310774|720|1280
0|663|123|0|0|0|311270|720|1280
1|0|-1|0|0|0|311274|720|1280
0|57|1244|0|0|0|311784|720|1280
1|0|-1|0|0|0|311790|720|1280
0|663|123|0|0|0|312284|720|1280
1|0|-1|0|0|0|312290|720|1280
0|57|1244|0|0|0|312800|720|1280
1|0|-1|0|0|0|312805|720|1280
0|663|123|0|0|0|313297|720|1280
1|0|-1|0|0|0|313302|720|1280
0|57|1244|0|0|0|313811|720|1280
1|0|-1|0|0|0|313816|720|1280
0|663|123|0|0|0|314317|720|1280
1|0|-1|0|0|0|314322|720|1280
0|57|1244|0|0|0|314825|720|1280
1|0|-1|0|0|0|314830|720|1280
0|663|123|0|0|0|315328|720|1280
1|0|-1|0|0|0|315332|720|1280
0|57|1244|0|0|0|315839|720|1280
1|0|-1|0|0|0|315844|720|1280
0|663|123|0|0|0|316338|720|1280
1|0|-1|0|0|0|316343|720|1280
0|57|1244|0|0|0|316853|720|1280
1|0|-1|0|0|0|316858|720|1280
0|663|123|0|0|0|317357|720|1280
1|0|-1|0|0|0|317362|720|1280
0|57|1244|0|0|0|317867|720|1280
1|0|-1|0|0|0|317872|720|1280
0|663|123|0|0|0|318369|720|1280
1|0|-1|0|0|0|318374|720|1280
0|57|1244|0|0|0|318882|720|1280
1|0|-1|0|0|0|318886|720|1280
0|663|123|0|0|0|319381|720|1280
1|0|-1|0|0|0|319386|720|1280
0|57|1244|0|0|0|319895|720|1280
1|0|-1|0|0|0|319900|720|1280
0|663|123|0|0|0|320394|720|1280
1|0|-1|0|0|0|320399|720|1280
0|57|1244|0|0|0|320914|720|1280
1|0|-1|0|0|0|320919|720|1280
0|663|123|0|0|0|321409|720|1280
1|0|-1|0|0|0|321414|720|1280
0|57|1244|0|0|0|321928|720|1280
1|0|-1|0|0|0|321933|720|1280
0|663|123|0|0|0|322423|720|1280
1|0|-1|0|0|0|322428|720|1280
0|57|1244|0|0|0|322937|720|1280
1|0|-1|0|0|0|322942|720|1280
0|663|123|0|0|0|323444|720|1280
1|0|-1|0|0|0|323448|720|1280
0|57|1244|0|0|0|323953|720|1280
1|0|-1|0|0|0|323958|720|1280
0|663|123|0|0|0|324450|720|1280
1|0|-1|0|0|0|324455|720|1280
0|57|1244|0|0|0|324970|720|1280
1|0|-1|0|0|0|324975|720|1280
0|663|123|0|0|0|325464|720|1280
1|0|-1|0|0|0|325469|720|1280
0|57|1244|0|0|0|325980|720|1280
1|0|-1|0|0|0|325985|720|1280
0|663|123|0|0|0|326480|720|1280
1|0|-1|0|0|0|326485|720|1280
0|57|1244|0|0|0|326995|720|1280
1|0|-1|0|0|0|326999|720|1280
0|663|123|0|0|0|327498|720|1280
1|0|-1|0|0|0|327502|720|1280
0|57|1244|0|0|0|328007|720|1280
1|0|-1|0|0|0|328012|720|1280
0|663|123|0|0|0|328506|720|1280
1|0|-1|0|0|0|328511|720|1280
0|57|1244|0|0|0|329021|720|1280
1|0|-1|0|0|0|329025|720|1280
0|663|123|0|0|0|329525|720|1280
1|0|-1|0|0|0|329530|720|1280
0|57|1244|0|0|0|330044|720|1280
1|0|-1|0|0|0|330049|720|1280
0|663|123|0|0|0|330539|720|1280
1|0|-1|0|0|0|330544|720|1280
0|57|1244|0|0|0|331049|720|1280
1|0|-1|0|0|0|331054|720|1280
0|663|123|0|0|0|331550|720|1280
1|0|-1|0|0|0|331555|720|1280
0|57|1244|0|0|0|332063|720|1280
1|0|-1|0|0|0|332068|720|1280
0|663|123|0|0|0|332564|720|1280
1|0|-1|0|0|0|332569|720|1280
0|57|1244|0|0|0|333078|720|1280
1|0|-1|0|0|0|333083|720|1280
0|663|123|0|0|0|333581|720|1280
1|0|-1|0|0|0|333586|720|1280
0|57|1244|0|0|0|334093|720|1280
1|0|-1|0|0|0|334098|720|1280
0|663|123|0|0|0|334591|720|1280
1|0|-1|0|0|0|334595|720|1280
0|57|1244|0|0|0|335106|720|1280
1|0|-1|0|0|0|335111|720|1280
0|663|123|0|0|0|335612|720|1280
1|0|-1|0|0|0|335617|720|1280
0|57|1244|0|0|0|336121|720|1280
1|0|-1|0|0|0|336126|720|1280
0|663|123|0|0|0|336620|720|1280
1|0|-1|0|0|0|336625|720|1280
0|57|1244|0|0|0|337137|720|1280
1|0|-1|0|0|0|337142|720|1280
0|663|123|0|0|0|337633|720|1280
1|0|-1|0|0|0|337638|720|1280
0|57|1244|0|0|0|338147|720|1280
1|0|-1|0|0|0|338152|720|1280
0|663|123|0|0|0|338647|720|1280
1|0|-1|0|0|0|338652|720|1280
0|57|1244|0|0|0|339161|720|1280
1|0|-1|0|0|0|339167|720|1280
0|663|123|0|0|0|339663|720|1280
1|0|-1|0|0|0|339668|720|1280
0|57|1244|0|0|0|340175|720|1280
1|0|-1|0|0|0|340180|720|1280
0|663|123|0|0|0|340675|720|1280
1|0|-1|0|0|0|340680|720|1280
0|57|1244|0|0|0|341189|720|1280
1|0|-1|0|0|0|341194|720|1280
0|663|123|0|0|0|341693|720|1280
1|0|-1|0|0|0|341698|720|1280
0|57|1244|0|0|0|342212|720|1280
1|0|-1|0|0|0|342217|720|1280
0|663|123|0|0|0|342709|720|1280
1|0|-1|0|0|0|342713|720|1280
0|57|1244|0|0|0|343219|720|1280
1|0|-1|0|0|0|343224|720|1280
0|663|123|0|0|0|343717|720|1280
1|0|-1|0|0|0|343722|720|1280
0|57|1244|0|0|0|344231|720|1280
1|0|-1|0|0|0|344236|720|1280
0|663|123|0|0|0|344732|720|1280
1|0|-1|0|0|0|344737|720|1280
0|57|1244|0|0|0|345247|720|1280
1|0|-1|0|0|0|345252|720|1280
0|663|123|0|0|0|345749|720|1280
1|0|-1|0|0|0|345754|720|1280
0|57|1244|0|0|0|346263|720|1280
1|0|-1|0|0|0|346269|720|1280
0|663|123|0|0|0|346759|720|1280
1|0|-1|0|0|0|346764|720|1280
0|57|1244|0|0|0|347272|720|1280
1|0|-1|0|0|0|347277|720|1280
0|663|123|0|0|0|347777|720|1280
1|0|-1|0|0|0|347783|720|1280
0|57|1244|0|0|0|348289|720|1280
1|0|-1|0|0|0|348294|720|1280
0|663|123|0|0|0|348787|720|1280
1|0|-1|0|0|0|348792|720|1280
0|57|1244|0|0|0|349301|720|1280
1|0|-1|0|0|0|349306|720|1280
0|663|123|0|0|0|349801|720|1280
1|0|-1|0|0|0|349806|720|1280
0|57|1244|0|0|0|350316|720|1280
1|0|-1|0|0|0|350320|720|1280
0|663|123|0|0|0|350814|720|1280
1|0|-1|0|0|0|350819|720|1280
0|57|1244|0|0|0|351330|720|1280
1|0|-1|0|0|0|351335|720|1280
0|663|123|0|0|0|351833|720|1280
1|0|-1|0|0|0|351838|720|1280
0|57|1244|0|0|0|352343|720|1280
1|0|-1|0|0|0|352348|720|1280
0|663|123|0|0|0|352842|720|1280
1|0|-1|0|0|0|352847|720|1280
0|57|1244|0|0|0|353357|720|1280
1|0|-1|0|0|0|353362|720|1280
0|663|123|0|0|0|353858|720|1280
1|0|-1|0|0|0|353863|720|1280
0|57|1244|0|0|0|354373|720|1280
1|0|-1|0|0|0|354377|720|1280
0|663|123|0|0|0|354875|720|1280
1|0|-1|0|0|0|354880|720|1280
0|57|1244|0|0|0|355385|720|1280
1|0|-1|0|0|0|355390|720|1280
0|663|123|0|0|0|355884|720|1280
1|0|-1|0|0|0|355889|720|1280
0|57|1244|0|0|0|356399|720|1280
1|0|-1|0|0|0|356404|720|1280
0|663|123|0|0|0|356899|720|1280
1|0|-1|0|0|0|356904|720|1280
0|57|1244|0|0|0|357414|720|1280
1|0|-1|0|0|0|357419|720|1280
0|663|123|0|0|0|357917|720|1280
1|0|-1|0|0|0|357922|720|1280
0|57|1244|0|0|0|358431|720|1280
1|0|-1|0|0|0|358436|720|1280
0|663|123|0|0|0|358927|720|1280
1|0|-1|0|0|0|358932|720|1280
0|57|1244|0|0|0|359441|720|1280
1|0|-1|0|0|0|359446|720|1280
0|663|123|0|0|0|359947|720|1280
1|0|-1|0|0|0|359952|720|1280
0|57|1244|0|0|0|360457|720|1280
1|0|-1|0|0|0|360463|720|1280
0|663|123|0|0|0|360956|720|1280
1|0|-1|0|0|0|360961|720|1280
0|57|1244|0|0|0|361470|720|1280
1|0|-1|0|0|0|361475|720|1280
0|663|123|0|0|0|361969|720|1280
1|0|-1|0|0|0|361974|720|1280
0|57|1244|0|0|0|362484|720|1280
1|0|-1|0|0|0|362488|720|1280
0|663|123|0|0|0|362982|720|1280
1|0|-1|0|0|0|362987|720|1280
0|57|1244|0|0|0|363497|720|1280
1|0|-1|0|0|0|363502|720|1280
0|663|123|0|0|0|364000|720|1280
1|0|-1|0|0|0|364005|720|1280
0|57|1244|0|0|0|364510|720|1280
1|0|-1|0|0|0|364516|720|1280
0|663|123|0|0|0|365010|720|1280
1|0|-1|0|0|0|365015|720|1280
0|57|1244|0|0|0|365525|720|1280
1|0|-1|0|0|0|365531|720|1280
0|663|123|0|0|0|366028|720|1280
1|0|-1|0|0|0|366033|720|1280
0|57|1244|0|0|0|366546|720|1280
1|0|-1|0|0|0|366552|720|1280
0|663|123|0|0|0|367043|720|1280
1|0|-1|0|0|0|367048|720|1280
0|57|1244|0|0|0|367554|720|1280
1|0|-1|0|0|0|367559|720|1280
0|663|123|0|0|0|368053|720|1280
1|0|-1|0|0|0|368057|720|1280
0|57|1244|0|0|0|368567|720|1280
1|0|-1|0|0|0|368572|720|1280
0|663|123|0|0|0|369067|720|1280
1|0|-1|0|0|0|369071|720|1280
0|57|1244|0|0|0|369584|720|1280
1|0|-1|0|0|0|369589|720|1280
0|663|123|0|0|0|370085|720|1280
1|0|-1|0|0|0|370089|720|1280
0|57|1244|0|0|0|370600|720|1280
1|0|-1|0|0|0|370605|720|1280
0|663|123|0|0|0|371094|720|1280
1|0|-1|0|0|0|371100|720|1280
0|57|1244|0|0|0|371610|720|1280
1|0|-1|0|0|0|371615|720|1280
0|663|123|0|0|0|372108|720|1280
1|0|-1|0|0|0|372113|720|1280
0|57|1244|0|0|0|372623|720|1280
1|0|-1|0|0|0|372628|720|1280
0|663|123|0|0|0|373125|720|1280
1|0|-1|0|0|0|373130|720|1280
0|57|1244|0|0|0|373642|720|1280
1|0|-1|0|0|0|373647|720|1280
0|663|123|0|0|0|374137|720|1280
1|0|-1|0|0|0|374142|720|1280
0|57|1244|0|0|0|374651|720|1280
1|0|-1|0|0|0|374656|720|1280
0|663|123|0|0|0|375153|720|1280
1|0|-1|0|0|0|375157|720|1280
0|57|1244|0|0|0|375666|720|1280
1|0|-1|0|0|0|375671|720|1280
0|663|123|0|0|0|376168|720|1280
1|0|-1|0|0|0|376173|720|1280
0|57|1244|0|0|0|376678|720|1280
1|0|-1|0|0|0|376683|720|1280
0|663|123|0|0|0|377179|720|1280
1|0|-1|0|0|0|377183|720|1280
0|57|1244|0|0|0|377693|720|1280
1|0|-1|0|0|0|377699|720|1280
0|663|123|0|0|0|378442|720|1280
1|0|-1|0|0|0|378443|720|1280
0|57|1244|0|0|0|379075|720|1280
1|0|-1|0|0|0|379076|720|1280
0|663|123|0|0|0|379207|720|1280
1|0|-1|0|0|0|379212|720|1280
0|57|1244|0|0|0|380159|720|1280
1|0|-1|0|0|0|380159|720|1280
0|663|123|0|0|0|380219|720|1280
1|0|-1|0|0|0|380224|720|1280
0|57|1244|0|0|0|380791|720|1280
1|0|-1|0|0|0|380792|720|1280
0|663|123|0|0|0|381391|720|1280
1|0|-1|0|0|0|381392|720|1280
0|57|1244|0|0|0|381958|720|1280
1|0|-1|0|0|0|381959|720|1280
0|663|123|0|0|0|382692|720|1280
1|0|-1|0|0|0|382693|720|1280
0|57|1244|0|0|0|383326|720|1280
1|0|-1|0|0|0|383358|720|1280
0|663|123|0|0|0|383359|720|1280
1|0|-1|0|0|0|383360|720|1280
0|57|1244|0|0|0|383925|720|1280
1|0|-1|0|0|0|383925|720|1280
0|663|123|0|0|0|384491|720|1280
1|0|-1|0|0|0|384493|720|1280
0|57|1244|0|0|0|384791|720|1280
1|0|-1|0|0|0|384796|720|1280
0|663|123|0|0|0|385292|720|1280
1|0|-1|0|0|0|385297|720|1280
0|57|1244|0|0|0|385804|720|1280
1|0|-1|0|0|0|385809|720|1280
0|663|123|0|0|0|386303|720|1280
1|0|-1|0|0|0|386308|720|1280
0|57|1244|0|0|0|386818|720|1280
1|0|-1|0|0|0|386823|720|1280
0|663|123|0|0|0|387322|720|1280
1|0|-1|0|0|0|387327|720|1280
0|57|1244|0|0|0|387834|720|1280
1|0|-1|0|0|0|387840|720|1280
0|663|123|0|0|0|388336|720|1280
1|0|-1|0|0|0|388341|720|1280
0|57|1244|0|0|0|388848|720|1280
1|0|-1|0|0|0|388854|720|1280
0|663|123|0|0|0|389346|720|1280
1|0|-1|0|0|0|389351|720|1280
0|57|1244|0|0|0|389861|720|1280
1|0|-1|0|0|0|389865|720|1280
0|663|123|0|0|0|390364|720|1280
1|0|-1|0|0|0|390369|720|1280
0|57|1244|0|0|0|390877|720|1280
1|0|-1|0|0|0|390882|720|1280
0|663|123|0|0|0|391379|720|1280
1|0|-1|0|0|0|391384|720|1280
0|57|1244|0|0|0|391889|720|1280
1|0|-1|0|0|0|391894|720|1280
0|663|123|0|0|0|392389|720|1280
1|0|-1|0|0|0|392393|720|1280
0|57|1244|0|0|0|392902|720|1280
1|0|-1|0|0|0|392907|720|1280
0|663|123|0|0|0|393404|720|1280
1|0|-1|0|0|0|393408|720|1280
0|57|1244|0|0|0|393923|720|1280
1|0|-1|0|0|0|393928|720|1280
0|663|123|0|0|0|394421|720|1280
1|0|-1|0|0|0|394426|720|1280
0|57|1244|0|0|0|394935|720|1280
1|0|-1|0|0|0|394940|720|1280
0|663|123|0|0|0|395430|720|1280
1|0|-1|0|0|0|395435|720|1280
0|57|1244|0|0|0|395945|720|1280
1|0|-1|0|0|0|395950|720|1280
0|663|123|0|0|0|396444|720|1280
1|0|-1|0|0|0|396449|720|1280
0|57|1244|0|0|0|396959|720|1280
1|0|-1|0|0|0|396964|720|1280
0|663|123|0|0|0|397459|720|1280
1|0|-1|0|0|0|397463|720|1280
0|57|1244|0|0|0|397973|720|1280
1|0|-1|0|0|0|397978|720|1280
0|663|123|0|0|0|398472|720|1280
1|0|-1|0|0|0|398477|720|1280
0|57|1244|0|0|0|398988|720|1280
1|0|-1|0|0|0|398993|720|1280
0|663|123|0|0|0|399491|720|1280
1|0|-1|0|0|0|399496|720|1280
0|57|1244|0|0|0|400001|720|1280
1|0|-1|0|0|0|400007|720|1280
0|663|123|0|0|0|400505|720|1280
1|0|-1|0|0|0|400510|720|1280
0|57|1244|0|0|0|401017|720|1280
1|0|-1|0|0|0|401022|720|1280
0|663|123|0|0|0|401515|720|1280
1|0|-1|0|0|0|401519|720|1280
0|57|1244|0|0|0|402029|720|1280
1|0|-1|0|0|0|402034|720|1280
0|663|123|0|0|0|402532|720|1280
1|0|-1|0|0|0|402537|720|1280
0|57|1244|0|0|0|404551|720|1280
1|0|-1|0|0|0|404556|720|1280
0|663|123|0|0|0|405020|720|1280
1|0|-1|0|0|0|405025|720|1280
0|57|1244|0|0|0|405535|720|1280
1|0|-1|0|0|0|405540|720|1280
0|663|123|0|0|0|406037|720|1280
1|0|-1|0|0|0|406042|720|1280
0|57|1244|0|0|0|406558|720|1280
1|0|-1|0|0|0|406563|720|1280
0|663|123|0|0|0|407050|720|1280
1|0|-1|0|0|0|407055|720|1280
0|57|1244|0|0|0|407564|720|1280
1|0|-1|0|0|0|407569|720|1280
0|663|123|0|0|0|408064|720|1280
1|0|-1|0|0|0|408068|720|1280
0|57|1244|0|0|0|408578|720|1280
1|0|-1|0|0|0|408583|720|1280
0|663|123|0|0|0|409079|720|1280
1|0|-1|0|0|0|409084|720|1280
0|57|1244|0|0|0|409593|720|1280
1|0|-1|0|0|0|409597|720|1280
0|663|123|0|0|0|410093|720|1280
1|0|-1|0|0|0|410098|720|1280
0|57|1244|0|0|0|410611|720|1280
1|0|-1|0|0|0|410616|720|1280
0|663|123|0|0|0|411105|720|1280
1|0|-1|0|0|0|411110|720|1280
0|57|1244|0|0|0|411619|720|1280
1|0|-1|0|0|0|411624|720|1280
0|663|123|0|0|0|412125|720|1280
1|0|-1|0|0|0|412130|720|1280
0|57|1244|0|0|0|412635|720|1280
1|0|-1|0|0|0|412640|720|1280
0|663|123|0|0|0|413133|720|1280
1|0|-1|0|0|0|413138|720|1280
0|57|1244|0|0|0|413651|720|1280
1|0|-1|0|0|0|413656|720|1280
0|663|123|0|0|0|414147|720|1280
1|0|-1|0|0|0|414152|720|1280
0|57|1244|0|0|0|414661|720|1280
1|0|-1|0|0|0|414666|720|1280
0|663|123|0|0|0|415164|720|1280
1|0|-1|0|0|0|415169|720|1280
0|57|1244|0|0|0|415676|720|1280
1|0|-1|0|0|0|415682|720|1280
0|663|123|0|0|0|416176|720|1280
1|0|-1|0|0|0|416182|720|1280
0|57|1244|0|0|0|416692|720|1280
1|0|-1|0|0|0|416697|720|1280
0|663|123|0|0|0|417191|720|1280
1|0|-1|0|0|0|417196|720|1280
0|57|1244|0|0|0|417704|720|1280
1|0|-1|0|0|0|417709|720|1280
0|663|123|0|0|0|418205|720|1280
1|0|-1|0|0|0|418209|720|1280
0|57|1244|0|0|0|418719|720|1280
1|0|-1|0|0|0|418724|720|1280
0|663|123|0|0|0|419219|720|1280
1|0|-1|0|0|0|419224|720|1280
0|57|1244|0|0|0|419732|720|1280
1|0|-1|0|0|0|419737|720|1280
0|663|123|0|0|0|420230|720|1280
1|0|-1|0|0|0|420235|720|1280
0|57|1244|0|0|0|420745|720|1280
1|0|-1|0|0|0|420750|720|1280
0|663|123|0|0|0|421245|720|1280
1|0|-1|0|0|0|421249|720|1280
0|57|1244|0|0|0|421762|720|1280
1|0|-1|0|0|0|421767|720|1280
0|663|123|0|0|0|422258|720|1280
1|0|-1|0|0|0|422263|720|1280
0|57|1244|0|0|0|422777|720|1280
1|0|-1|0|0|0|422782|720|1280
0|663|123|0|0|0|423273|720|1280
1|0|-1|0|0|0|423278|720|1280
0|57|1244|0|0|0|423787|720|1280
1|0|-1|0|0|0|423792|720|1280
0|663|123|0|0|0|424287|720|1280
1|0|-1|0|0|0|424292|720|1280
0|57|1244|0|0|0|424802|720|1280
1|0|-1|0|0|0|424808|720|1280
0|663|123|0|0|0|425302|720|1280
1|0|-1|0|0|0|425308|720|1280
0|57|1244|0|0|0|425818|720|1280
1|0|-1|0|0|0|425823|720|1280
0|663|123|0|0|0|426315|720|1280
1|0|-1|0|0|0|426320|720|1280
0|57|1244|0|0|0|426829|720|1280
1|0|-1|0|0|0|426834|720|1280
0|663|123|0|0|0|427335|720|1280
1|0|-1|0|0|0|427340|720|1280
0|57|1244|0|0|0|427843|720|1280
1|0|-1|0|0|0|427848|720|1280
0|663|123|0|0|0|428346|720|1280
1|0|-1|0|0|0|428350|720|1280
0|57|1244|0|0|0|428857|720|1280
1|0|-1|0|0|0|428862|720|1280
0|663|123|0|0|0|429357|720|1280
1|0|-1|0|0|0|429361|720|1280
0|57|1244|0|0|0|429871|720|1280
1|0|-1|0|0|0|429876|720|1280
0|663|123|0|0|0|430375|720|1280
1|0|-1|0|0|0|430380|720|1280
0|57|1244|0|0|0|430885|720|1280
1|0|-1|0|0|0|430890|720|1280
0|663|123|0|0|0|431387|720|1280
1|0|-1|0|0|0|431392|720|1280
0|57|1244|0|0|0|431899|720|1280
1|0|-1|0|0|0|431904|720|1280
0|663|123|0|0|0|432399|720|1280
1|0|-1|0|0|0|432404|720|1280
0|57|1244|0|0|0|432913|720|1280
1|0|-1|0|0|0|432918|720|1280
0|663|123|0|0|0|433412|720|1280
1|0|-1|0|0|0|433417|720|1280
0|57|1244|0|0|0|433932|720|1280
1|0|-1|0|0|0|433937|720|1280
0|663|123|0|0|0|434427|720|1280
1|0|-1|0|0|0|434432|720|1280
0|57|1244|0|0|0|434946|720|1280
1|0|-1|0|0|0|434951|720|1280
0|663|123|0|0|0|435809|720|1280
1|0|-1|0|0|0|435810|720|1280
0|57|1244|0|0|0|436442|720|1280
1|0|-1|0|0|0|436443|720|1280
0|663|123|0|0|0|436475|720|1280
1|0|-1|0|0|0|436475|720|1280
0|57|1244|0|0|0|437042|720|1280
1|0|-1|0|0|0|437043|720|1280
0|663|123|0|0|0|437609|720|1280
1|0|-1|0|0|0|437610|720|1280
0|57|1244|0|0|0|438326|720|1280
1|0|-1|0|0|0|438326|720|1280
0|663|123|0|0|0|438959|720|1280
1|0|-1|0|0|0|438961|720|1280
0|57|1244|0|0|0|439559|720|1280
1|0|-1|0|0|0|439560|720|1280
0|663|123|0|0|0|439560|720|1280
1|0|-1|0|0|0|439562|720|1280
0|57|1244|0|0|0|440126|720|1280
1|0|-1|0|0|0|440127|720|1280
0|663|123|0|0|0|440516|720|1280
1|0|-1|0|0|0|440520|720|1280
0|57|1244|0|0|0|441025|720|1280
1|0|-1|0|0|0|441030|720|1280
0|663|123|0|0|0|441524|720|1280
1|0|-1|0|0|0|441529|720|1280
0|57|1244|0|0|0|442039|720|1280
1|0|-1|0|0|0|442043|720|1280
0|663|123|0|0|0|442543|720|1280
1|0|-1|0|0|0|442548|720|1280
0|57|1244|0|0|0|443062|720|1280
1|0|-1|0|0|0|443067|720|1280
0|663|123|0|0|0|443557|720|1280
1|0|-1|0|0|0|443562|720|1280
0|57|1244|0|0|0|444067|720|1280
1|0|-1|0|0|0|444072|720|1280
0|663|123|0|0|0|444568|720|1280
1|0|-1|0|0|0|444573|720|1280
0|57|1244|0|0|0|445082|720|1280
1|0|-1|0|0|0|445086|720|1280
0|663|123|0|0|0|445582|720|1280
1|0|-1|0|0|0|445587|720|1280
0|57|1244|0|0|0|446096|720|1280
1|0|-1|0|0|0|446101|720|1280
0|663|123|0|0|0|446599|720|1280
1|0|-1|0|0|0|446604|720|1280
0|57|1244|0|0|0|447111|720|1280
1|0|-1|0|0|0|447116|720|1280
0|663|123|0|0|0|447608|720|1280
1|0|-1|0|0|0|447613|720|1280
0|57|1244|0|0|0|448124|720|1280
1|0|-1|0|0|0|448129|720|1280
0|663|123|0|0|0|448630|720|1280
1|0|-1|0|0|0|448635|720|1280
0|57|1244|0|0|0|449139|720|1280
1|0|-1|0|0|0|449144|720|1280
0|663|123|0|0|0|449638|720|1280
1|0|-1|0|0|0|449643|720|1280
0|57|1244|0|0|0|450155|720|1280
1|0|-1|0|0|0|450160|720|1280
0|663|123|0|0|0|450651|720|1280
1|0|-1|0|0|0|450656|720|1280
0|57|1244|0|0|0|451165|720|1280
1|0|-1|0|0|0|451170|720|1280
0|663|123|0|0|0|451665|720|1280
1|0|-1|0|0|0|451670|720|1280
0|57|1244|0|0|0|452179|720|1280
1|0|-1|0|0|0|452185|720|1280
0|663|123|0|0|0|452682|720|1280
1|0|-1|0|0|0|452686|720|1280
0|57|1244|0|0|0|453193|720|1280
1|0|-1|0|0|0|453198|720|1280
0|663|123|0|0|0|453693|720|1280
1|0|-1|0|0|0|453698|720|1280
0|57|1244|0|0|0|454207|720|1280
1|0|-1|0|0|0|454212|720|1280
0|663|123|0|0|0|454711|720|1280
1|0|-1|0|0|0|454716|720|1280
0|57|1244|0|0|0|455230|720|1280
1|0|-1|0|0|0|455235|720|1280
0|663|123|0|0|0|455726|720|1280
1|0|-1|0|0|0|455731|720|1280
0|57|1244|0|0|0|456237|720|1280
1|0|-1|0|0|0|456242|720|1280
0|663|123|0|0|0|456735|720|1280
1|0|-1|0|0|0|456740|720|1280
0|57|1244|0|0|0|457249|720|1280
1|0|-1|0|0|0|457254|720|1280
0|663|123|0|0|0|457750|720|1280
1|0|-1|0|0|0|457755|720|1280
0|57|1244|0|0|0|458265|720|1280
1|0|-1|0|0|0|458270|720|1280
0|663|123|0|0|0|458767|720|1280
1|0|-1|0|0|0|458772|720|1280
0|57|1244|0|0|0|459281|720|1280
1|0|-1|0|0|0|459287|720|1280
0|663|123|0|0|0|459777|720|1280
1|0|-1|0|0|0|459782|720|1280
0|57|1244|0|0|0|460290|720|1280
1|0|-1|0|0|0|460295|720|1280
0|663|123|0|0|0|460796|720|1280
1|0|-1|0|0|0|460801|720|1280
0|57|1244|0|0|0|461307|720|1280
1|0|-1|0|0|0|461312|720|1280
0|663|123|0|0|0|461805|720|1280
1|0|-1|0|0|0|461810|720|1280
0|57|1244|0|0|0|462319|720|1280
1|0|-1|0|0|0|462324|720|1280
0|663|123|0|0|0|462819|720|1280
1|0|-1|0|0|0|462824|720|1280
0|57|1244|0|0|0|463333|720|1280
1|0|-1|0|0|0|463338|720|1280
0|663|123|0|0|0|463832|720|1280
1|0|-1|0|0|0|463837|720|1280
0|57|1244|0|0|0|464348|720|1280
1|0|-1|0|0|0|464353|720|1280
0|663|123|0|0|0|464851|720|1280
1|0|-1|0|0|0|464856|720|1280
0|57|1244|0|0|0|465361|720|1280
1|0|-1|0|0|0|465366|720|1280
0|663|123|0|0|0|465860|720|1280
1|0|-1|0|0|0|465865|720|1280
0|57|1244|0|0|0|466375|720|1280
1|0|-1|0|0|0|466382|720|1280
0|663|123|0|0|0|466876|720|1280
1|0|-1|0|0|0|466881|720|1280
0|57|1244|0|0|0|467390|720|1280
1|0|-1|0|0|0|467395|720|1280
0|663|123|0|0|0|467893|720|1280
1|0|-1|0|0|0|467898|720|1280
0|57|1244|0|0|0|468404|720|1280
1|0|-1|0|0|0|468408|720|1280
0|663|123|0|0|0|468902|720|1280
1|0|-1|0|0|0|468907|720|1280
0|57|1244|0|0|0|469417|720|1280
1|0|-1|0|0|0|469422|720|1280
0|663|123|0|0|0|469917|720|1280
1|0|-1|0|0|0|469922|720|1280
0|57|1244|0|0|0|470432|720|1280
1|0|-1|0|0|0|470437|720|1280
0|663|123|0|0|0|470935|720|1280
1|0|-1|0|0|0|470940|720|1280
0|57|1244|0|0|0|471449|720|1280
1|0|-1|0|0|0|471454|720|1280
0|663|123|0|0|0|471945|720|1280
1|0|-1|0|0|0|471950|720|1280
0|57|1244|0|0|0|472459|720|1280
1|0|-1|0|0|0|472464|720|1280
0|663|123|0|0|0|472965|720|1280
1|0|-1|0|0|0|472970|720|1280
0|57|1244|0|0|0|473475|720|1280
1|0|-1|0|0|0|473481|720|1280
0|663|123|0|0|0|473974|720|1280
1|0|-1|0|0|0|473979|720|1280
0|57|1244|0|0|0|474488|720|1280
1|0|-1|0|0|0|474493|720|1280
0|663|123|0|0|0|474987|720|1280
1|0|-1|0|0|0|474992|720|1280
0|57|1244|0|0|0|475501|720|1280
1|0|-1|0|0|0|475506|720|1280
0|663|123|0|0|0|476000|720|1280
1|0|-1|0|0|0|476005|720|1280
0|57|1244|0|0|0|476516|720|1280
1|0|-1|0|0|0|476520|720|1280
0|663|123|0|0|0|477018|720|1280
1|0|-1|0|0|0|477023|720|1280
0|57|1244|0|0|0|477528|720|1280
1|0|-1|0|0|0|477534|720|1280
0|663|123|0|0|0|478028|720|1280
1|0|-1|0|0|0|478033|720|1280
0|57|1244|0|0|0|478543|720|1280
1|0|-1|0|0|0|478549|720|1280
0|663|123|0|0|0|479046|720|1280
1|0|-1|0|0|0|479051|720|1280
0|57|1244|0|0|0|479564|720|1280
1|0|-1|0|0|0|479570|720|1280
0|663|123|0|0|0|480061|720|1280
1|0|-1|0|0|0|480066|720|1280
0|57|1244|0|0|0|480572|720|1280
1|0|-1|0|0|0|480577|720|1280
0|663|123|0|0|0|481071|720|1280
1|0|-1|0|0|0|481075|720|1280
0|57|1244|0|0|0|481585|720|1280
1|0|-1|0|0|0|481590|720|1280
0|663|123|0|0|0|482085|720|1280
1|0|-1|0|0|0|482089|720|1280
0|57|1244|0|0|0|482602|720|1280
1|0|-1|0|0|0|482607|720|1280
0|663|123|0|0|0|483102|720|1280
1|0|-1|0|0|0|483107|720|1280
0|57|1244|0|0|0|483618|720|1280
1|0|-1|0|0|0|483624|720|1280
0|663|123|0|0|0|484112|720|1280
1|0|-1|0|0|0|484118|720|1280
0|57|1244|0|0|0|484628|720|1280
1|0|-1|0|0|0|484633|720|1280
0|663|123|0|0|0|485126|720|1280
1|0|-1|0|0|0|485131|720|1280
0|57|1244|0|0|0|485641|720|1280
1|0|-1|0|0|0|485646|720|1280
0|663|123|0|0|0|486143|720|1280
1|0|-1|0|0|0|486148|720|1280
0|57|1244|0|0|0|486660|720|1280
1|0|-1|0|0|0|486665|720|1280
0|663|123|0|0|0|487155|720|1280
1|0|-1|0|0|0|487160|720|1280
0|57|1244|0|0|0|487669|720|1280
1|0|-1|0|0|0|487674|720|1280
0|663|123|0|0|0|488172|720|1280
1|0|-1|0|0|0|488175|720|1280
0|57|1244|0|0|0|488684|720|1280
1|0|-1|0|0|0|488689|720|1280
0|663|123|0|0|0|489186|720|1280
1|0|-1|0|0|0|489191|720|1280
0|57|1244|0|0|0|489696|720|1280
1|0|-1|0|0|0|489701|720|1280
0|663|123|0|0|0|490197|720|1280
1|0|-1|0|0|0|490201|720|1280
0|57|1244|0|0|0|490711|720|1280
1|0|-1|0|0|0|490717|720|1280
0|663|123|0|0|0|491214|720|1280
1|0|-1|0|0|0|491219|720|1280
0|57|1244|0|0|0|491730|720|1280
1|0|-1|0|0|0|491735|720|1280
0|663|123|0|0|0|492225|720|1280
1|0|-1|0|0|0|492229|720|1280
0|57|1244|0|0|0|492740|720|1280
1|0|-1|0|0|0|492745|720|1280
0|663|123|0|0|0|493237|720|1280
1|0|-1|0|0|0|493242|720|1280
0|57|1244|0|0|0|493753|720|1280
1|0|-1|0|0|0|493758|720|1280
0|663|123|0|0|0|494254|720|1280
1|0|-1|0|0|0|494259|720|1280
0|57|1244|0|0|0|494773|720|1280
1|0|-1|0|0|0|494778|720|1280
0|663|123|0|0|0|495266|720|1280
1|0|-1|0|0|0|495271|720|1280
0|57|1244|0|0|0|495787|720|1280
1|0|-1|0|0|0|495791|720|1280
0|663|123|0|0|0|496282|720|1280
1|0|-1|0|0|0|496286|720|1280
0|57|1244|0|0|0|496797|720|1280
1|0|-1|0|0|0|496801|720|1280
0|663|123|0|0|0|497295|720|1280
1|0|-1|0|0|0|497300|720|1280
0|57|1244|0|0|0|497809|720|1280
1|0|-1|0|0|0|497814|720|1280
0|663|123|0|0|0|498310|720|1280
1|0|-1|0|0|0|498315|720|1280
0|57|1244|0|0|0|498822|720|1280
1|0|-1|0|0|0|498827|720|1280
0|663|123|0|0|0|499321|720|1280
1|0|-1|0|0|0|499326|720|1280
0|57|1244|0|0|0|499836|720|1280
1|0|-1|0|0|0|499842|720|1280
0|663|123|0|0|0|500340|720|1280
1|0|-1|0|0|0|500345|720|1280
0|57|1244|0|0|0|500852|720|1280
1|0|-1|0|0|0|500858|720|1280
0|663|123|0|0|0|501354|720|1280
1|0|-1|0|0|0|501359|720|1280
0|57|1244|0|0|0|501866|720|1280
1|0|-1|0|0|0|501872|720|1280
0|663|123|0|0|0|502364|720|1280
1|0|-1|0|0|0|502369|720|1280
0|57|1244|0|0|0|502878|720|1280
1|0|-1|0|0|0|502883|720|1280
0|663|123|0|0|0|503382|720|1280
1|0|-1|0|0|0|503387|720|1280
0|57|1244|0|0|0|503896|720|1280
1|0|-1|0|0|0|503900|720|1280
0|663|123|0|0|0|504397|720|1280
1|0|-1|0|0|0|504402|720|1280
0|57|1244|0|0|0|504907|720|1280
1|0|-1|0|0|0|504912|720|1280
0|663|123|0|0|0|505407|720|1280
1|0|-1|0|0|0|505411|720|1280
0|57|1244|0|0|0|505920|720|1280
1|0|-1|0|0|0|505925|720|1280
0|663|123|0|0|0|506422|720|1280
1|0|-1|0|0|0|506426|720|1280
0|57|1244|0|0|0|506941|720|1280
1|0|-1|0|0|0|506946|720|1280
0|663|123|0|0|0|507439|720|1280
1|0|-1|0|0|0|507444|720|1280
0|57|1244|0|0|0|507953|720|1280
1|0|-1|0|0|0|507958|720|1280
0|663|123|0|0|0|508448|720|1280
1|0|-1|0|0|0|508453|720|1280
0|57|1244|0|0|0|508963|720|1280
1|0|-1|0|0|0|508968|720|1280
0|663|123|0|0|0|509462|720|1280
1|0|-1|0|0|0|509467|720|1280
0|57|1244|0|0|0|509977|720|1280
1|0|-1|0|0|0|509982|720|1280
0|663|123|0|0|0|510476|720|1280
1|0|-1|0|0|0|510481|720|1280
0|57|1244|0|0|0|510991|720|1280
1|0|-1|0|0|0|510996|720|1280
0|663|123|0|0|0|511490|720|1280
1|0|-1|0|0|0|511495|720|1280
0|57|1244|0|0|0|512007|720|1280
1|0|-1|0|0|0|512011|720|1280
0|663|123|0|0|0|512509|720|1280
1|0|-1|0|0|0|512514|720|1280
0|57|1244|0|0|0|513019|720|1280
1|0|-1|0|0|0|513025|720|1280
0|663|123|0|0|0|513523|720|1280
1|0|-1|0|0|0|513528|720|1280
0|57|1244|0|0|0|514035|720|1280
1|0|-1|0|0|0|514040|720|1280
0|663|123|0|0|0|514532|720|1280
1|0|-1|0|0|0|514537|720|1280
0|57|1244|0|0|0|515047|720|1280
1|0|-1|0|0|0|515052|720|1280
0|663|123|0|0|0|515550|720|1280
1|0|-1|0|0|0|515555|720|1280
0|57|1244|0|0|0|517569|720|1280
1|0|-1|0|0|0|517574|720|1280
0|663|123|0|0|0|518038|720|1280
1|0|-1|0|0|0|518043|720|1280
0|57|1244|0|0|0|518553|720|1280
1|0|-1|0|0|0|518558|720|1280
0|663|123|0|0|0|519055|720|1280
1|0|-1|0|0|0|519060|720|1280
0|57|1244|0|0|0|519577|720|1280
1|0|-1|0|0|0|519581|720|1280
0|663|123|0|0|0|520068|720|1280
1|0|-1|0|0|0|520073|720|1280
0|57|1244|0|0|0|520582|720|1280
1|0|-1|0|0|0|520587|720|1280
0|663|123|0|0|0|521082|720|1280
1|0|-1|0|0|0|521086|720|1280
0|57|1244|0|0|0|521596|720|1280
1|0|-1|0|0|0|521601|720|1280
0|663|123|0|0|0|522097|720|1280
1|0|-1|0|0|0|522102|720|1280
0|57|1244|0|0|0|522610|720|1280
1|0|-1|0|0|0|522615|720|1280
0|663|123|0|0|0|523111|720|1280
1|0|-1|0|0|0|523116|720|1280
0|57|1244|0|0|0|523629|720|1280
1|0|-1|0|0|0|523634|720|1280
0|663|123|0|0|0|524123|720|1280
1|0|-1|0|0|0|524128|720|1280
0|57|1244|0|0|0|524637|720|1280
1|0|-1|0|0|0|524642|720|1280
0|663|123|0|0|0|525143|720|1280
1|0|-1|0|0|0|525148|720|1280
0|57|1244|0|0|0|525653|720|1280
1|0|-1|0|0|0|525658|720|1280
0|663|123|0|0|0|526151|720|1280
1|0|-1|0|0|0|526156|720|1280
0|57|1244|0|0|0|526669|720|1280
1|0|-1|0|0|0|526674|720|1280
0|663|123|0|0|0|527165|720|1280
1|0|-1|0|0|0|527170|720|1280
0|57|1244|0|0|0|527680|720|1280
1|0|-1|0|0|0|527684|720|1280
0|663|123|0|0|0|528182|720|1280
1|0|-1|0|0|0|528187|720|1280
0|57|1244|0|0|0|528694|720|1280
1|0|-1|0|0|0|528700|720|1280
0|663|123|0|0|0|529194|720|1280
1|0|-1|0|0|0|529200|720|1280
0|57|1244|0|0|0|529710|720|1280
1|0|-1|0|0|0|529715|720|1280
0|663|123|0|0|0|530208|720|1280
1|0|-1|0|0|0|530213|720|1280
0|57|1244|0|0|0|530722|720|1280
1|0|-1|0|0|0|530727|720|1280
0|663|123|0|0|0|531223|720|1280
1|0|-1|0|0|0|531227|720|1280
0|57|1244|0|0|0|531737|720|1280
1|0|-1|0|0|0|531742|720|1280
0|663|123|0|0|0|532237|720|1280
1|0|-1|0|0|0|532242|720|1280
0|57|1244|0|0|0|532750|720|1280
1|0|-1|0|0|0|532755|720|1280
0|663|123|0|0|0|533248|720|1280
1|0|-1|0|0|0|533253|720|1280
0|57|1244|0|0|0|533763|720|1280
1|0|-1|0|0|0|533768|720|1280
0|663|123|0|0|0|534262|720|1280
1|0|-1|0|0|0|534267|720|1280
0|57|1244|0|0|0|534780|720|1280
1|0|-1|0|0|0|534785|720|1280
0|663|123|0|0|0|535277|720|1280
1|0|-1|0|0|0|535281|720|1280
0|57|1244|0|0|0|535795|720|1280
1|0|-1|0|0|0|535800|720|1280
0|663|123|0|0|0|536291|720|1280
1|0|-1|0|0|0|536296|720|1280
0|57|1244|0|0|0|536805|720|1280
1|0|-1|0|0|0|536810|720|1280
0|663|123|0|0|0|537305|720|1280
1|0|-1|0|0|0|537310|720|1280
0|57|1244|0|0|0|537820|720|1280
1|0|-1|0|0|0|537826|720|1280
0|663|123|0|0|0|538320|720|1280
1|0|-1|0|0|0|538326|720|1280
0|57|1244|0|0|0|538836|720|1280
1|0|-1|0|0|0|538841|720|1280
0|663|123|0|0|0|539333|720|1280
1|0|-1|0|0|0|539338|720|1280
0|57|1244|0|0|0|539847|720|1280
1|0|-1|0|0|0|539852|720|1280
0|663|123|0|0|0|540353|720|1280
1|0|-1|0|0|0|540358|720|1280
0|57|1244|0|0|0|540861|720|1280
1|0|-1|0|0|0|540866|720|1280
0|663|123|0|0|0|541364|720|1280
1|0|-1|0|0|0|541368|720|1280
0|57|1244|0|0|0|541875|720|1280
1|0|-1|0|0|0|541880|720|1280
0|663|123|0|0|0|542374|720|1280
1|0|-1|0|0|0|542379|720|1280
0|57|1244|0|0|0|542889|720|1280
1|0|-1|0|0|0|542894|720|1280
0|663|123|0|0|0|543394|720|1280
1|0|-1|0|0|0|543398|720|1280
0|57|1244|0|0|0|543903|720|1280
1|0|-1|0|0|0|543908|720|1280
0|663|123|0|0|0|544405|720|1280
1|0|-1|0|0|0|544410|720|1280
0|57|1244|0|0|0|544917|720|1280
1|0|-1|0|0|0|544922|720|1280
0|663|123|0|0|0|545417|720|1280
1|0|-1|0|0|0|545422|720|1280
0|57|1244|0|0|0|545931|720|1280
1|0|-1|0|0|0|545936|720|1280
0|663|123|0|0|0|546430|720|1280
1|0|-1|0|0|0|546435|720|1280
0|57|1244|0|0|0|546950|720|1280
1|0|-1|0|0|0|546955|720|1280
0|663|123|0|0|0|547445|720|1280
1|0|-1|0|0|0|547450|720|1280
0|57|1244|0|0|0|547964|720|1280
1|0|-1|0|0|0|547969|720|1280
0|663|123|0|0|0|548459|720|1280
1|0|-1|0|0|0|548464|720|1280
0|57|1244|0|0|0|548973|720|1280
1|0|-1|0|0|0|548978|720|1280
0|663|123|0|0|0|549480|720|1280
1|0|-1|0|0|0|549484|720|1280
0|57|1244|0|0|0|549989|720|1280
1|0|-1|0|0|0|549994|720|1280
0|663|123|0|0|0|550486|720|1280
1|0|-1|0|0|0|550491|720|1280
0|57|1244|0|0|0|551006|720|1280
1|0|-1|0|0|0|551012|720|1280
0|663|123|0|0|0|551500|720|1280
1|0|-1|0|0|0|551505|720|1280
0|57|1244|0|0|0|552016|720|1280
1|0|-1|0|0|0|552021|720|1280
0|663|123|0|0|0|552516|720|1280
1|0|-1|0|0|0|552521|720|1280
0|57|1244|0|0|0|553030|720|1280
1|0|-1|0|0|0|553035|720|1280
0|663|123|0|0|0|553534|720|1280
1|0|-1|0|0|0|553538|720|1280
0|57|1244|0|0|0|554043|720|1280
1|0|-1|0|0|0|554048|720|1280
0|663|123|0|0|0|554542|720|1280
1|0|-1|0|0|0|554547|720|1280
0|57|1244|0|0|0|555057|720|1280
1|0|-1|0|0|0|555061|720|1280
0|663|123|0|0|0|555561|720|1280
1|0|-1|0|0|0|555566|720|1280
0|57|1244|0|0|0|556080|720|1280
1|0|-1|0|0|0|556085|720|1280
0|663|123|0|0|0|556575|720|1280
1|0|-1|0|0|0|556580|720|1280
0|57|1244|0|0|0|557085|720|1280
1|0|-1|0|0|0|557090|720|1280
0|663|123|0|0|0|557586|720|1280
1|0|-1|0|0|0|557591|720|1280
0|57|1244|0|0|0|558099|720|1280
1|0|-1|0|0|0|558104|720|1280
0|663|123|0|0|0|558600|720|1280
1|0|-1|0|0|0|558605|720|1280
0|57|1244|0|0|0|559115|720|1280
1|0|-1|0|0|0|559119|720|1280
0|663|123|0|0|0|559617|720|1280
1|0|-1|0|0|0|559622|720|1280
0|57|1244|0|0|0|560129|720|1280
1|0|-1|0|0|0|560134|720|1280
0|663|123|0|0|0|560626|720|1280
1|0|-1|0|0|0|560631|720|1280
0|57|1244|0|0|0|561142|720|1280
1|0|-1|0|0|0|561147|720|1280
0|663|123|0|0|0|561648|720|1280
1|0|-1|0|0|0|561653|720|1280
0|57|1244|0|0|0|562157|720|1280
1|0|-1|0|0|0|562162|720|1280
0|663|123|0|0|0|562656|720|1280
1|0|-1|0|0|0|562661|720|1280
0|57|1244|0|0|0|563173|720|1280
1|0|-1|0|0|0|563178|720|1280
0|663|123|0|0|0|563669|720|1280
1|0|-1|0|0|0|563674|720|1280
0|57|1244|0|0|0|564183|720|1280
1|0|-1|0|0|0|564188|720|1280
0|663|123|0|0|0|564683|720|1280
1|0|-1|0|0|0|564688|720|1280
0|57|1244|0|0|0|565197|720|1280
1|0|-1|0|0|0|565203|720|1280
0|663|123|0|0|0|565699|720|1280
1|0|-1|0|0|0|565704|720|1280
0|57|1244|0|0|0|566211|720|1280
1|0|-1|0|0|0|566216|720|1280
0|663|123|0|0|0|566711|720|1280
1|0|-1|0|0|0|566716|720|1280
0|57|1244|0|0|0|567226|720|1280
1|0|-1|0|0|0|567230|720|1280
0|663|123|0|0|0|567729|720|1280
1|0|-1|0|0|0|567734|720|1280
0|57|1244|0|0|0|568248|720|1280
1|0|-1|0|0|0|568253|720|1280
0|663|123|0|0|0|568744|720|1280
1|0|-1|0|0|0|568749|720|1280
0|57|1244|0|0|0|569255|720|1280
1|0|-1|0|0|0|569260|720|1280
0|663|123|0|0|0|569753|720|1280
1|0|-1|0|0|0|569758|720|1280
0|57|1244|0|0|0|570267|720|1280
1|0|-1|0|0|0|570272|720|1280
0|663|123|0|0|0|570768|720|1280
1|0|-1|0|0|0|570773|720|1280
0|57|1244|0|0|0|571283|720|1280
1|0|-1|0|0|0|571288|720|1280
0|663|123|0|0|0|571785|720|1280
1|0|-1|0|0|0|571790|720|1280
0|57|1244|0|0|0|572299|720|1280
1|0|-1|0|0|0|572305|720|1280
0|663|123|0|0|0|572795|720|1280
1|0|-1|0|0|0|572800|720|1280
0|57|1244|0|0|0|573308|720|1280
1|0|-1|0|0|0|573313|720|1280
0|663|123|0|0|0|573813|720|1280
1|0|-1|0|0|0|573819|720|1280
0|57|1244|0|0|0|574325|720|1280
1|0|-1|0|0|0|574330|720|1280
0|663|123|0|0|0|574824|720|1280
1|0|-1|0|0|0|574828|720|1280
0|57|1244|0|0|0|575337|720|1280
1|0|-1|0|0|0|575342|720|1280
0|663|123|0|0|0|575837|720|1280
1|0|-1|0|0|0|575842|720|1280
0|57|1244|0|0|0|576351|720|1280
1|0|-1|0|0|0|576356|720|1280
0|663|123|0|0|0|576850|720|1280
1|0|-1|0|0|0|576855|720|1280
0|57|1244|0|0|0|577366|720|1280
1|0|-1|0|0|0|577371|720|1280
0|663|123|0|0|0|577869|720|1280
1|0|-1|0|0|0|577874|720|1280
0|57|1244|0|0|0|578379|720|1280
1|0|-1|0|0|0|578384|720|1280
0|663|123|0|0|0|578878|720|1280
1|0|-1|0|0|0|578883|720|1280
0|57|1244|0|0|0|579393|720|1280
1|0|-1|0|0|0|579398|720|1280
0|663|123|0|0|0|579894|720|1280
1|0|-1|0|0|0|579899|720|1280
0|57|1244|0|0|0|580408|720|1280
1|0|-1|0|0|0|580413|720|1280
0|663|123|0|0|0|580911|720|1280
1|0|-1|0|0|0|580916|720|1280
0|57|1244|0|0|0|581421|720|1280
1|0|-1|0|0|0|581426|720|1280
0|663|123|0|0|0|581920|720|1280
1|0|-1|0|0|0|581925|720|1280
0|57|1244|0|0|0|582435|720|1280
1|0|-1|0|0|0|582440|720|1280
0|663|123|0|0|0|582936|720|1280
1|0|-1|0|0|0|582940|720|1280
0|57|1244|0|0|0|583450|720|1280
1|0|-1|0|0|0|583455|720|1280
0|663|123|0|0|0|583956|720|1280
1|0|-1|0|0|0|583962|720|1280
0|57|1244|0|0|0|584467|720|1280
1|0|-1|0|0|0|584472|720|1280
0|663|123|0|0|0|584963|720|1280
1|0|-1|0|0|0|584968|720|1280
0|57|1244|0|0|0|585477|720|1280
1|0|-1|0|0|0|585482|720|1280
0|663|123|0|0|0|585983|720|1280
1|0|-1|0|0|0|585988|720|1280
0|57|1244|0|0|0|586494|720|1280
1|0|-1|0|0|0|586499|720|1280
0|663|123|0|0|0|586992|720|1280
1|0|-1|0|0|0|586997|720|1280
0|57|1244|0|0|0|587506|720|1280
1|0|-1|0|0|0|587511|720|1280
0|663|123|0|0|0|588005|720|1280
1|0|-1|0|0|0|588010|720|1280
0|57|1244|0|0|0|588519|720|1280
1|0|-1|0|0|0|588524|720|1280
0|663|123|0|0|0|589018|720|1280
1|0|-1|0|0|0|589023|720|1280
0|57|1244|0|0|0|589533|720|1280
1|0|-1|0|0|0|589538|720|1280
0|663|123|0|0|0|590036|720|1280
1|0|-1|0|0|0|590041|720|1280
0|57|1244|0|0|0|590546|720|1280
1|0|-1|0|0|0|590552|720|1280
0|663|123|0|0|0|591046|720|1280
1|0|-1|0|0|0|591051|720|1280
0|57|1244|0|0|0|591561|720|1280
1|0|-1|0|0|0|591567|720|1280
0|663|123|0|0|0|592064|720|1280
1|0|-1|0|0|0|592069|720|1280
0|57|1244|0|0|0|592582|720|1280
1|0|-1|0|0|0|592588|720|1280
0|663|123|0|0|0|593079|720|1280
1|0|-1|0|0|0|593084|720|1280
0|57|1244|0|0|0|593590|720|1280
1|0|-1|0|0|0|593595|720|1280
0|663|123|0|0|0|594089|720|1280
1|0|-1|0|0|0|594093|720|1280
0|57|1244|0|0|0|594604|720|1280
1|0|-1|0|0|0|594608|720|1280
0|663|123|0|0|0|595103|720|1280
1|0|-1|0|0|0|595107|720|1280
0|57|1244|0|0|0|595620|720|1280
1|0|-1|0|0|0|595625|720|1280
0|663|123|0|0|0|596120|720|1280
1|0|-1|0|0|0|596125|720|1280
0|57|1244|0|0|0|596636|720|1280
1|0|-1|0|0|0|596641|720|1280
0|663|123|0|0|0|597130|720|1280
1|0|-1|0|0|0|597136|720|1280
0|57|1244|0|0|0|597646|720|1280
1|0|-1|0|0|0|597651|720|1280
0|663|123|0|0|0|598144|720|1280
1|0|-1|0|0|0|598149|720|1280
0|57|1244|0|0|0|598659|720|1280
1|0|-1|0|0|0|598664|720|1280
0|663|123|0|0|0|599161|720|1280
1|0|-1|0|0|0|599166|720|1280
0|57|1244|0|0|0|599678|720|1280
1|0|-1|0|0|0|599683|720|1280
0|663|123|0|0|0|600173|720|1280
1|0|-1|0|0|0|600178|720|1280
0|57|1244|0|0|0|600687|720|1280
1|0|-1|0|0|0|600692|720|1280
0|663|123|0|0|0|601189|720|1280
1|0|-1|0|0|0|601193|720|1280
0|57|1244|0|0|0|601702|720|1280
1|0|-1|0|0|0|601707|720|1280
0|663|123|0|0|0|602208|720|1280
1|0|-1|0|0|0|602209|720|1280
0|57|1244|0|0|0|602714|720|1280
1|0|-1|0|0|0|602719|720|1280
0|663|123|0|0|0|603215|720|1280
1|0|-1|0|0|0|603219|720|1280
0|57|1244|0|0|0|603729|720|1280
1|0|-1|0|0|0|603735|720|1280
0|663|123|0|0|0|604232|720|1280
1|0|-1|0|0|0|604237|720|1280
0|57|1244|0|0|0|604748|720|1280
1|0|-1|0|0|0|604753|720|1280
0|663|123|0|0|0|605243|720|1280
1|0|-1|0|0|0|605247|720|1280
0|57|1244|0|0|0|605758|720|1280
1|0|-1|0|0|0|605763|720|1280
0|663|123|0|0|0|606256|720|1280
1|0|-1|0|0|0|606260|720|1280
0|57|1244|0|0|0|606771|720|1280
1|0|-1|0|0|0|606776|720|1280
0|663|123|0|0|0|607272|720|1280
1|0|-1|0|0|0|607277|720|1280
0|57|1244|0|0|0|607791|720|1280
1|0|-1|0|0|0|607796|720|1280
0|663|123|0|0|0|608284|720|1280
1|0|-1|0|0|0|608289|720|1280
0|57|1244|0|0|0|608805|720|1280
1|0|-1|0|0|0|608809|720|1280
0|663|123|0|0|0|609299|720|1280
1|0|-1|0|0|0|609304|720|1280
0|57|1244|0|0|0|609815|720|1280
1|0|-1|0|0|0|609819|720|1280
0|663|123|0|0|0|610314|720|1280
1|0|-1|0|0|0|610318|720|1280
0|57|1244|0|0|0|610827|720|1280
1|0|-1|0|0|0|610832|720|1280
0|663|123|0|0|0|611328|720|1280
1|0|-1|0|0|0|611333|720|1280
0|57|1244|0|0|0|611840|720|1280
1|0|-1|0|0|0|611845|720|1280
0|663|123|0|0|0|612339|720|1280
1|0|-1|0|0|0|612344|720|1280
0|57|1244|0|0|0|612854|720|1280
1|0|-1|0|0|0|612859|720|1280
0|663|123|0|0|0|613358|720|1280
1|0|-1|0|0|0|613363|720|1280
0|57|1244|0|0|0|613870|720|1280
1|0|-1|0|0|0|613876|720|1280
0|663|123|0|0|0|614372|720|1280
1|0|-1|0|0|0|614377|720|1280
0|57|1244|0|0|0|614884|720|1280
1|0|-1|0|0|0|614890|720|1280
0|663|123|0|0|0|615382|720|1280
1|0|-1|0|0|0|615388|720|1280
0|57|1244|0|0|0|615896|720|1280
1|0|-1|0|0|0|615901|720|1280
0|663|123|0|0|0|616400|720|1280
1|0|-1|0|0|0|616405|720|1280
0|57|1244|0|0|0|616913|720|1280
1|0|-1|0|0|0|616918|720|1280
0|663|123|0|0|0|617415|720|1280
1|0|-1|0|0|0|617420|720|1280
0|57|1244|0|0|0|617925|720|1280
1|0|-1|0|0|0|617930|720|1280
0|663|123|0|0|0|618426|720|1280
1|0|-1|0|0|0|618429|720|1280
0|57|1244|0|0|0|618938|720|1280
1|0|-1|0|0|0|618943|720|1280
0|663|123|0|0|0|619440|720|1280
1|0|-1|0|0|0|619444|720|1280
0|57|1244|0|0|0|619959|720|1280
1|0|-1|0|0|0|619964|720|1280
0|663|123|0|0|0|620457|720|1280
1|0|-1|0|0|0|620462|720|1280
0|57|1244|0|0|0|620971|720|1280
1|0|-1|0|0|0|620976|720|1280
0|663|123|0|0|0|621466|720|1280
1|0|-1|0|0|0|621471|720|1280
0|57|1244|0|0|0|621981|720|1280
1|0|-1|0|0|0|621986|720|1280
0|663|123|0|0|0|622480|720|1280
1|0|-1|0|0|0|622485|720|1280
0|57|1244|0|0|0|622995|720|1280
1|0|-1|0|0|0|623000|720|1280
0|663|123|0|0|0|623494|720|1280
1|0|-1|0|0|0|623499|720|1280
0|57|1244|0|0|0|624009|720|1280
1|0|-1|0|0|0|624014|720|1280
0|663|123|0|0|0|624508|720|1280
1|0|-1|0|0|0|624513|720|1280
0|57|1244|0|0|0|625024|720|1280
1|0|-1|0|0|0|625029|720|1280
0|663|123|0|0|0|625527|720|1280
1|0|-1|0|0|0|625532|720|1280
0|57|1244|0|0|0|626038|720|1280
1|0|-1|0|0|0|626044|720|1280
0|663|123|0|0|0|626541|720|1280
1|0|-1|0|0|0|626546|720|1280
0|57|1244|0|0|0|627053|720|1280
1|0|-1|0|0|0|627058|720|1280
0|663|123|0|0|0|627550|720|1280
1|0|-1|0|0|0|627555|720|1280
0|57|1244|0|0|0|628065|720|1280
1|0|-1|0|0|0|628070|720|1280
0|663|123|0|0|0|628568|720|1280
1|0|-1|0|0|0|628573|720|1280
0|57|1244|0|0|0|630587|720|1280
1|0|-1|0|0|0|630592|720|1280
0|663|123|0|0|0|631056|720|1280
1|0|-1|0|0|0|631061|720|1280
0|57|1244|0|0|0|631571|720|1280
1|0|-1|0|0|0|631576|720|1280
0|663|123|0|0|0|632073|720|1280
1|0|-1|0|0|0|632078|720|1280
0|57|1244|0|0|0|632594|720|1280
1|0|-1|0|0|0|632599|720|1280
0|663|123|0|0|0|633086|720|1280
1|0|-1|0|0|0|633091|720|1280
0|57|1244|0|0|0|633600|720|1280
1|0|-1|0|0|0|633605|720|1280
0|663|123|0|0|0|634101|720|1280
1|0|-1|0|0|0|634104|720|1280
0|57|1244|0|0|0|634614|720|1280
1|0|-1|0|0|0|634619|720|1280
0|663|123|0|0|0|635115|720|1280
1|0|-1|0|0|0|635120|720|1280
0|57|1244|0|0|0|635628|720|1280
1|0|-1|0|0|0|635633|720|1280
0|663|123|0|0|0|636129|720|1280
1|0|-1|0|0|0|636134|720|1280
0|57|1244|0|0|0|636647|720|1280
1|0|-1|0|0|0|636652|720|1280
0|663|123|0|0|0|637141|720|1280
1|0|-1|0|0|0|637146|720|1280
0|57|1244|0|0|0|637655|720|1280
1|0|-1|0|0|0|637660|720|1280
0|663|123|0|0|0|638161|720|1280
1|0|-1|0|0|0|638166|720|1280
0|57|1244|0|0|0|638671|720|1280
1|0|-1|0|0|0|638676|720|1280
0|663|123|0|0|0|639169|720|1280
1|0|-1|0|0|0|639174|720|1280
0|57|1244|0|0|0|639687|720|1280
1|0|-1|0|0|0|639692|720|1280
0|663|123|0|0|0|640183|720|1280
1|0|-1|0|0|0|640188|720|1280
0|57|1244|0|0|0|640697|720|1280
1|0|-1|0|0|0|640702|720|1280
0|663|123|0|0|0|641200|720|1280
1|0|-1|0|0|0|641205|720|1280
0|57|1244|0|0|0|641713|720|1280
6|57|1244|0|0|0|645956|720|1280
6|57|1244|0|0|0|645956|720|1280
6|57|1244|0|0|0|648611|720|1280
6|57|1244|0|0|0|648611|720|1280
6|57|1244|0|0|0|649395|720|1280
6|57|1244|0|0|0|649395|720|1280
6|57|1244|0|0|0|649820|720|1280
6|57|1244|0|0|0|649820|720|1280
6|57|1244|0|0|0|650072|720|1280
6|57|1244|0|0|0|650072|720|1280
6|57|1244|0|0|0|650476|720|1280
6|57|1244|0|0|0|650476|720|1280
6|57|1244|0|0|0|651035|720|1280
6|57|1244|0|0|0|651036|720|1280
2|28|1033|0|0|0|651728|720|1280
2|71|1033|0|0|0|651735|720|1280
2|104|1033|0|0|0|651743|720|1280
2|123|1033|0|0|0|651751|720|1280
2|140|1031|0|0|0|651759|720|1280
2|154|1028|0|0|0|651767|720|1280
2|169|1025|0|0|0|651775|720|1280
2|186|1023|0|0|0|651783|720|1280
2|210|1020|0|0|0|651791|720|1280
2|244|1020|0|0|0|651799|720|1280
2|277|1020|0|0|0|651807|720|1280
2|310|1020|0|0|0|651815|720|1280
2|346|1020|0|0|0|651823|720|1280
2|383|1020|0|0|0|651831|720|1280
2|405|1020|0|0|0|651839|720|1280
2|420|1020|0|0|0|651847|720|1280
2|437|1020|0|0|0|651855|720|1280
2|456|1020|0|0|0|651863|720|1280
2|471|1020|0|0|0|651871|720|1280
2|484|1020|0|0|0|651879|720|1280
2|496|1020|0|0|0|651887|720|1280
2|509|1021|0|0|0|651895|720|1280
2|516|1023|0|0|0|651903|720|1280
2|517|1024|0|0|0|651959|720|1280
2|518|1025|0|0|0|651975|720|1280
2|520|1027|0|0|0|651991|720|1280
2|520|1028|0|0|0|651999|720|1280
2|520|1029|0|0|0|652007|720|1280
2|520|1032|0|0|0|652015|720|1280
2|520|1034|0|0|0|652023|720|1280
2|520|1038|0|0|0|652031|720|1280
2|520|1042|0|0|0|652039|720|1280
2|520|1047|0|0|0|652047|720|1280
2|518|1055|0|0|0|652055|720|1280
2|513|1063|0|0|0|652063|720|1280
2|507|1071|0|0|0|652072|720|1280
2|500|1081|0|0|0|652079|720|1280
2|491|1093|0|0|0|652087|720|1280
2|484|1102|0|0|0|652095|720|1280
2|479|1110|0|0|0|652103|720|1280
2|474|1119|0|0|0|652111|720|1280
2|469|1127|0|0|0|652119|720|1280
2|462|1134|0|0|0|652127|720|1280
2|457|1136|0|0|0|652135|720|1280
2|454|1140|0|0|0|652143|720|1280
2|448|1145|0|0|0|652151|720|1280
2|440|1149|0|0|0|652159|720|1280
2|434|1152|0|0|0|652167|720|1280
2|430|1153|0|0|0|652175|720|1280
2|427|1154|0|0|0|652183|720|1280
2|424|1156|0|0|0|652191|720|1280
2|423|1156|0|0|0|652207|720|1280
2|420|1156|0|0|0|652239|720|1280
2|419|1156|0|0|0|652255|720|1280
2|418|1156|0|0|0|652271|720|1280
2|417|1156|0|0|0|652279|720|1280
2|414|1156|0|0|0|652287|720|1280
2|413|1157|0|0|0|652295|720|1280
2|410|1158|0|0|0|652303|720|1280
2|406|1160|0|0|0|652311|720|1280
2|404|1160|0|0|0|652319|720|1280
2|400|1161|0|0|0|652327|720|1280
2|397|1162|0|0|0|652335|720|1280
2|393|1162|0|0|0|652343|720|1280
2|390|1162|0|0|0|652367|720|1280
2|389|1162|0|0|0|652431|720|1280
2|388|1162|0|0|0|652439|720|1280
2|385|1163|0|0|0|652455|720|1280
2|384|1163|0|0|0|652463|720|1280
2|383|1163|0|0|0|652471|720|1280
2|380|1165|0|0|0|652479|720|1280
2|379|1166|0|0|0|652487|720|1280
2|376|1166|0|0|0|652495|720|1280
2|375|1166|0|0|0|652503|720|1280
2|374|1169|0|0|0|652511|720|1280
2|370|1170|0|0|0|652519|720|1280
2|367|1173|0|0|0|652527|720|1280
2|364|1175|0|0|0|652535|720|1280
2|359|1177|0|0|0|652543|720|1280
2|358|1179|0|0|0|652551|720|1280
2|357|1179|0|0|0|652559|720|1280
2|357|1180|0|0|0|652567|720|1280
2|355|1180|0|0|0|652575|720|1280
2|355|1182|0|0|0|652783|720|1280
2|355|1183|0|0|0|652847|720|1280
2|357|1183|0|0|0|652991|720|1280
0|357|1183|0|0|0|652992|720|1280
1|0|-1|0|0|0|653151|720|1280
0|358|1188|0|0|0|653896|720|1280
1|0|-1|0|0|0|654000|720|1280
0|363|1195|0|0|0|654632|720|1280
1|0|-1|0|0|0|654800|720|1280
0|183|892|0|0|0|655664|720|1280
1|0|-1|0|0|0|655808|720|1280
0|180|879|0|0|0|656472|720|1280
1|0|-1|0|0|0|656592|720|1280
0|376|1024|0|0|0|657311|720|1280
1|0|-1|0|0|0|657440|720|1280
0|374|1024|0|0|0|657968|720|1280
1|0|-1|0|0|0|658048|720|1280
0|156|851|0|0|0|658488|720|1280
1|0|-1|0|0|0|658600|720|1280
0|156|873|0|0|0|658984|720|1280
1|0|-1|0|0|0|659128|720|1280
0|156|873|0|0|0|659415|720|1280
1|0|-1|0|0|0|659528|720|1280
0|156|873|0|0|0|659663|720|1280
1|0|-1|0|0|0|659752|720|1280
0|375|1031|0|0|0|660176|720|1280
2|372|1031|0|0|0|660287|720|1280
1|0|-1|0|0|0|660304|720|1280
0|367|139|0|0|0|662304|720|1280
1|0|-1|0|0|0|662464|720|1280
0|20|477|0|0|0|666344|720|1280
1|0|-1|0|0|0|666480|720|1280
0|20|585|0|0|0|668584|720|1280
1|0|-1|0|0|0|668695|720|1280
0|33|598|0|0|0|671056|720|1280
1|0|-1|0|0|0|671144|720|1280
0|358|131|0|0|0|673264|720|1280
1|0|-1|0|0|0|673360|720|1280
0|358|131|0|0|0|675127|720|1280
1|0|-1|0|0|0|675280|720|1280
0|362|306|0|0|0|677688|720|1280
1|0|-1|0|0|0|677768|720|1280
0|692|608|0|0|0|680431|720|1280
1|0|-1|0|0|0|680560|720|1280
0|692|608|0|0|0|682440|720|1280
1|0|-1|0|0|0|682584|720|1280
0|692|608|0|0|0|684431|720|1280
1|0|-1|0|0|0|684575|720|1280
0|692|608|0|0|0|687000|720|1280
1|0|-1|0|0|0|687120|720|1280
0|692|608|0|0|0|689360|720|1280
1|0|-1|0|0|0|689528|720|1280
0|692|608|0|0|0|691416|720|1280
1|0|-1|0|0|0|691544|720|1280
0|491|941|0|0|0|694136|720|1280
1|0|-1|0|0|0|694248|720|1280
0|354|1002|0|0|0|696720|720|1280
1|0|-1|0|0|0|696856|720|1280
0|380|911|0|0|0|699391|720|1280
1|0|-1|0|0|0|699536|720|1280
0|548|620|0|0|0|701784|720|1280
1|0|-1|0|0|0|701888|720|1280
0|363|683|0|0|0|704383|720|1280
1|0|-1|0|0|0|704471|720|1280
0|363|542|0|0|0|706000|720|1280
1|0|-1|0|0|0|706120|720|1280
0|152|610|0|0|0|707704|720|1280
1|0|-1|0|0|0|707832|720|1280
0|355|123|0|0|0|710632|720|1280
1|0|-1|0|0|0|710768|720|1280
0|355|123|0|0|0|713704|720|1280
1|0|-1|0|0|0|713864|720|1280
0|355|123|0|0|0|716888|720|1280
1|0|-1|0|0|0|717016|720|1280
0|360|123|0|0|0|719567|720|1280
1|0|-1|0|0|0|719696|720|1280
0|364|320|0|0|0|722472|720|1280
1|0|-1|0|0|0|722616|720|1280
0|617|436|0|0|0|724992|720|1280
1|0|-1|0|0|0|725168|720|1280
0|167|417|0|0|0|728087|720|1280
1|0|-1|0|0|0|728183|720|1280
0|286|372|0|0|0|730975|720|1280
1|0|-1|0|0|0|731112|720|1280
0|353|95|0|0|0|733616|720|1280
1|0|-1|0|0|0|733784|720|1280
0|360|143|0|0|0|736136|720|1280
1|0|-1|0|0|0|736232|720|1280
0|364|1204|0|0|0|738608|720|1280
1|0|-1|0|0|0|738776|720|1280
0|364|1204|0|0|0|741280|720|1280
1|0|-1|0|0|0|741432|720|1280
0|628|758|0|0|0|744176|720|1280
1|0|-1|0|0|0|744336|720|1280
0|484|613|0|0|0|746220|720|1280
1|0|-1|0|0|0|746304|720|1280
0|410|821|0|0|0|748656|720|1280
1|0|-1|0|0|0|748768|720|1280
0|68|770|0|0|0|750647|720|1280
1|0|-1|0|0|0|750776|720|1280
0|75|514|0|0|0|752648|720|1280
1|0|-1|0|0|0|752752|720|1280
0|34|589|0|0|0|754656|720|1280
1|0|-1|0|0|0|754784|720|1280
0|34|589|0|0|0|757504|720|1280
1|0|-1|0|0|0|757624|720|1280
0|230|599|0|0|0|759679|720|1280
1|0|-1|0|0|0|759808|720|1280
0|360|129|0|0|0|762568|720|1280
1|0|-1|0|0|0|762752|720|1280
0|360|129|0|0|0|766008|720|1280
1|0|-1|0|0|0|766144|720|1280
0|358|135|0|0|0|768440|720|1280
1|0|-1|0|0|0|768560|720|1280
0|354|166|0|0|0|769208|720|1280
1|0|-1|0|0|0|769336|720|1280
0|354|166|0|0|0|769600|720|1280
1|0|-1|0|0|0|769720|720|1280
0|593|346|0|0|0|771495|720|1280
1|0|-1|0|0|0|771632|720|1280
0|363|615|0|0|0|775856|720|1280
1|0|-1|0|0|0|776016|720|1280
0|83|1230|0|0|0|782801|720|1280
1|0|-1|0|0|0|782928|720|1280
0|363|731|0|0|0|817137|720|1280
1|0|-1|0|0|0|817232|720|1280
0|358|600|0|0|0|819849|720|1280
1|0|-1|0|0|0|819968|720|1280
0|358|600|0|0|0|820744|720|1280
1|0|-1|0|0|0|820864|720|1280
0|358|600|0|0|0|821959|720|1280
1|0|-1|0|0|0|822119|720|1280
0|358|600|0|0|0|823120|720|1280
1|0|-1|0|0|0|823232|720|1280
0|608|342|0|0|0|825759|720|1280
1|0|-1|0|0|0|825848|720|1280
0|169|587|0|0|0|829296|720|1280
1|0|-1|0|0|0|829432|720|1280
0|358|753|0|0|0|832345|720|1280
1|0|-1|0|0|0|832456|720|1280
0|364|477|0|0|0|834713|720|1280
1|0|-1|0|0|0|834800|720|1280
0|556|393|0|0|0|837400|720|1280
1|0|-1|0|0|0|837464|720|1280
0|354|123|0|0|0|840815|720|1280
1|0|-1|0|0|0|840952|720|1280
0|341|229|0|0|0|844480|720|1280
1|0|-1|0|0|0|844632|720|1280
0|355|259|0|0|0|846920|720|1280
1|0|-1|0|0|0|847080|720|1280
0|599|342|0|0|0|852056|720|1280
1|0|-1|0|0|0|852168|720|1280
0|350|744|0|0|0|870857|720|1280
1|0|-1|0|0|0|871008|720|1280
0|362|739|0|0|0|871920|720|1280
1|0|-1|0|0|0|872024|720|1280
0|362|739|0|0|0|873383|720|1280
1|0|-1|0|0|0|873512|720|1280
0|347|1123|0|0|0|875809|720|1280
1|0|-1|0|0|0|875952|720|1280
0|362|741|0|0|0|879545|720|1280
1|0|-1|0|0|0|879640|720|1280
0|362|741|0|0|0|881816|720|1280
1|0|-1|0|0|0|881960|720|1280
0|362|741|0|0|0|883152|720|1280
1|0|-1|0|0|0|883288|720|1280
0|359|732|0|0|0|885704|720|1280
1|0|-1|0|0|0|885824|720|1280
0|375|748|0|0|0|890128|720|1280
1|0|-1|0|0|0|890256|720|1280
0|362|715|0|0|0|890496|720|1280
1|0|-1|0|0|0|890576|720|1280
0|362|732|0|0|0|890744|720|1280
1|0|-1|0|0|0|890864|720|1280
0|362|732|0|0|0|890936|720|1280
1|0|-1|0|0|0|891032|720|1280
0|362|732|0|0|0|891128|720|1280
1|0|-1|0|0|0|891208|720|1280
0|362|732|0|0|0|891304|720|1280
1|0|-1|0|0|0|891384|720|1280
0|362|732|0|0|0|891488|720|1280
1|0|-1|0|0|0|891568|720|1280
0|347|1123|0|0|0|893929|720|1280
1|0|-1|0|0|0|894032|720|1280