0|362|361|0|0|0|5973|720|1280
1|0|-1|0|0|0|6236|720|1280
0|208|875|0|0|0|11004|720|1280
1|0|-1|0|0|0|11396|720|1280
0|362|361|0|0|0|15801|720|1280
1|0|-1|0|0|0|16240|720|1280
0|362|361|0|0|0|26674|720|1280
1|0|-1|0|0|0|27060|720|1280
0|558|698|0|0|0|31282|720|1280
1|0|-1|0|0|0|31699|720|1280
0|558|698|0|0|0|33282|720|1280
1|0|-1|0|0|0|33699|720|1280
0|362|361|0|0|0|36350|720|1280
1|0|-1|0|0|0|36715|720|1280
0|347|1123|0|0|0|40739|720|1280
1|0|-1|0|0|0|41083|720|1280
0|362|361|0|0|0|45783|720|1280
1|0|-1|0|0|0|46094|720|1280
0|347|1123|0|0|0|50837|720|1280
1|0|-1|0|0|0|51201|720|1280
0|358|703|0|0|0|55562|720|1280
1|0|-1|0|0|0|56057|720|1280
0|358|703|0|0|0|58401|720|1280
1|0|-1|0|0|0|58642|720|1280
0|358|703|0|0|0|59145|720|1280
1|0|-1|0|0|0|59395|720|1280
0|358|703|0|0|0|60554|720|1280
1|0|-1|0|0|0|60777|720|1280
0|360|72|0|0|0|65955|720|1280
1|0|-1|0|0|0|65980|720|1280
0|360|72|0|0|0|67442|720|1280
1|0|-1|0|0|0|67543|720|1280
0|360|72|0|0|0|68422|720|1280
1|0|-1|0|0|0|68532|720|1280
0|360|72|0|0|0|69352|720|1280
1|0|-1|0|0|0|69443|720|1280
0|360|72|0|0|0|70326|720|1280
1|0|-1|0|0|0|70411|720|1280
0|360|72|0|0|0|71205|720|1280
1|0|-1|0|0|0|71295|720|1280
0|360|72|0|0|0|72227|720|1280
1|0|-1|0|0|0|72316|720|1280
0|360|72|0|0|0|73135|720|1280
1|0|-1|0|0|0|73221|720|1280
0|69|1230|0|0|0|73992|720|1280
1|0|-1|0|0|0|74101|720|1280
0|360|72|0|0|0|87258|720|1280
1|0|-1|0|0|0|87366|720|1280
0|360|72|0|0|0|88015|720|1280
1|0|-1|0|0|0|88135|720|1280
0|360|72|0|0|0|88789|720|1280
1|0|-1|0|0|0|88888|720|1280
0|360|72|0|0|0|89558|720|1280
1|0|-1|0|0|0|89653|720|1280
0|360|72|0|0|0|90294|720|1280
1|0|-1|0|0|0|90394|720|1280
0|360|72|0|0|0|91034|720|1280
1|0|-1|0|0|0|91126|720|1280
0|360|72|0|0|0|91774|720|1280
1|0|-1|0|0|0|91863|720|1280
0|360|72|0|0|0|92530|720|1280
1|0|-1|0|0|0|92614|720|1280
0|360|72|0|0|0|93315|720|1280
1|0|-1|0|0|0|93400|720|1280
0|360|72|0|0|0|94078|720|1280
1|0|-1|0|0|0|94162|720|1280
0|69|1230|0|0|0|94886|720|1280
1|0|-1|0|0|0|94975|720|1280
0|360|72|0|0|0|109928|720|1280
1|0|-1|0|0|0|110039|720|1280
0|360|72|0|0|0|110672|720|1280
1|0|-1|0|0|0|110774|720|1280
0|360|72|0|0|0|111430|720|1280
1|0|-1|0|0|0|111530|720|1280
0|360|72|0|0|0|112206|720|1280
1|0|-1|0|0|0|112306|720|1280
0|360|72|0|0|0|112975|720|1280
1|0|-1|0|0|0|113073|720|1280
0|360|72|0|0|0|113741|720|1280
1|0|-1|0|0|0|113834|720|1280
0|360|72|0|0|0|114482|720|1280
1|0|-1|0|0|0|114582|720|1280
0|360|72|0|0|0|115197|720|1280
1|0|-1|0|0|0|115294|720|1280
0|360|72|0|0|0|115925|720|1280
1|0|-1|0|0|0|116016|720|1280
0|360|72|0|0|0|116682|720|1280
1|0|-1|0|0|0|116784|720|1280
0|360|72|0|0|0|117438|720|1280
1|0|-1|0|0|0|117533|720|1280
0|360|72|0|0|0|118198|720|1280
1|0|-1|0|0|0|118304|720|1280
0|360|72|0|0|0|118958|720|1280
1|0|-1|0|0|0|119049|720|1280
0|360|72|0|0|0|119702|720|1280
1|0|-1|0|0|0|119781|720|1280
0|69|1230|0|0|0|120413|720|1280
1|0|-1|0|0|0|120514|720|1280
0|360|72|0|0|0|134629|720|1280
1|0|-1|0|0|0|134700|720|1280
0|360|72|0|0|0|135643|720|1280
1|0|-1|0|0|0|135716|720|1280
0|360|72|0|0|0|136644|720|1280
1|0|-1|0|0|0|136727|720|1280
0|360|72|0|0|0|137552|720|1280
1|0|-1|0|0|0|137635|720|1280
0|360|72|0|0|0|138453|720|1280
1|0|-1|0|0|0|138528|720|1280
0|240|643|0|0|0|139343|720|1280
1|0|-1|0|0|0|139408|720|1280
0|360|72|0|0|0|140492|720|1280
1|0|-1|0|0|0|140571|720|1280
0|360|72|0|0|0|142404|720|1280
1|0|-1|0|0|0|142475|720|1280
0|360|72|0|0|0|143299|720|1280
1|0|-1|0|0|0|143373|720|1280
0|360|72|0|0|0|144243|720|1280
1|0|-1|0|0|0|144315|720|1280
0|360|72|0|0|0|145101|720|1280
1|0|-1|0|0|0|145164|720|1280
0|360|72|0|0|0|145965|720|1280
1|0|-1|0|0|0|146032|720|1280
0|360|72|0|0|0|146828|720|1280
1|0|-1|0|0|0|146888|720|1280
0|360|72|0|0|0|147787|720|1280
1|0|-1|0|0|0|147857|720|1280
0|69|1230|0|0|0|148636|720|1280
1|0|-1|0|0|0|148700|720|1280
0|360|72|0|0|0|159972|720|1280
1|0|-1|0|0|0|160056|720|1280
0|360|72|0|0|0|160843|720|1280
1|0|-1|0|0|0|160910|720|1280
0|360|72|0|0|0|161573|720|1280
1|0|-1|0|0|0|161657|720|1280
0|360|72|0|0|0|162355|720|1280
1|0|-1|0|0|0|162431|720|1280
0|360|72|0|0|0|163181|720|1280
1|0|-1|0|0|0|163251|720|1280
0|360|72|0|0|0|163998|720|1280
1|0|-1|0|0|0|164071|720|1280
0|360|72|0|0|0|164803|720|1280
1|0|-1|0|0|0|164883|720|1280
0|360|72|0|0|0|165634|720|1280
1|0|-1|0|0|0|165704|720|1280
0|360|72|0|0|0|166570|720|1280
1|0|-1|0|0|0|166632|720|1280
0|482|643|0|0|0|167402|720|1280
1|0|-1|0|0|0|167455|720|1280
0|360|72|0|0|0|168726|720|1280
1|0|-1|0|0|0|168792|720|1280
0|360|72|0|0|0|169515|720|1280
1|0|-1|0|0|0|169595|720|1280
0|360|72|0|0|0|170239|720|1280
1|0|-1|0|0|0|170323|720|1280
0|360|72|0|0|0|171020|720|1280
1|0|-1|0|0|0|171090|720|1280
0|360|72|0|0|0|171788|720|1280
1|0|-1|0|0|0|171858|720|1280
0|360|72|0|0|0|172567|720|1280
1|0|-1|0|0|0|172631|720|1280
0|360|72|0|0|0|173367|720|1280
1|0|-1|0|0|0|173444|720|1280
0|360|72|0|0|0|174115|720|1280
1|0|-1|0|0|0|174183|720|1280
0|360|72|0|0|0|174854|720|1280
1|0|-1|0|0|0|174924|720|1280
0|69|1230|0|0|0|175728|720|1280
1|0|-1|0|0|0|175794|720|1280
0|360|72|0|0|0|192301|720|1280
1|0|-1|0|0|0|192382|720|1280
0|360|72|0|0|0|192957|720|1280
1|0|-1|0|0|0|193046|720|1280
0|360|72|0|0|0|193664|720|1280
1|0|-1|0|0|0|193746|720|1280
0|360|72|0|0|0|194386|720|1280
1|0|-1|0|0|0|194481|720|1280
0|360|72|0|0|0|195109|720|1280
1|0|-1|0|0|0|195206|720|1280
0|360|72|0|0|0|195813|720|1280
1|0|-1|0|0|0|195891|720|1280
0|360|72|0|0|0|196510|720|1280
1|0|-1|0|0|0|196594|720|1280
0|482|643|0|0|0|197198|720|1280
1|0|-1|0|0|0|197278|720|1280
0|482|643|0|0|0|197830|720|1280
1|0|-1|0|0|0|197907|720|1280
0|482|643|0|0|0|198504|720|1280
1|0|-1|0|0|0|198599|720|1280
0|482|643|0|0|0|199190|720|1280
1|0|-1|0|0|0|199275|720|1280
0|482|643|0|0|0|199830|720|1280
1|0|-1|0|0|0|199914|720|1280
0|482|643|0|0|0|200474|720|1280
1|0|-1|0|0|0|200562|720|1280
0|482|643|0|0|0|201182|720|1280
1|0|-1|0|0|0|201254|720|1280
0|482|643|0|0|0|201835|720|1280
1|0|-1|0|0|0|201909|720|1280
0|482|643|0|0|0|202498|720|1280
1|0|-1|0|0|0|202574|720|1280
0|482|643|0|0|0|203171|720|1280
1|0|-1|0|0|0|203254|720|1280
0|360|72|0|0|0|203915|720|1280
1|0|-1|0|0|0|203997|720|1280
0|360|72|0|0|0|204562|720|1280
1|0|-1|0|0|0|204666|720|1280
0|360|72|0|0|0|205266|720|1280
1|0|-1|0|0|0|205338|720|1280
0|360|72|0|0|0|205930|720|1280
1|0|-1|0|0|0|206015|720|1280
0|360|72|0|0|0|206634|720|1280
1|0|-1|0|0|0|206706|720|1280
0|360|72|0|0|0|207274|720|1280
1|0|-1|0|0|0|207354|720|1280
0|360|72|0|0|0|207959|720|1280
1|0|-1|0|0|0|208049|720|1280
0|360|72|0|0|0|208595|720|1280
1|0|-1|0|0|0|208695|720|1280
0|360|72|0|0|0|209275|720|1280
1|0|-1|0|0|0|209367|720|1280
0|360|72|0|0|0|209920|720|1280
1|0|-1|0|0|0|210027|720|1280
0|360|72|0|0|0|210587|720|1280
1|0|-1|0|0|0|210675|720|1280
0|360|72|0|0|0|211284|720|1280
1|0|-1|0|0|0|211352|720|1280
0|360|72|0|0|0|212021|720|1280
1|0|-1|0|0|0|212090|720|1280
0|360|72|0|0|0|212708|720|1280
1|0|-1|0|0|0|212781|720|1280
0|69|1230|0|0|0|213454|720|1280
1|0|-1|0|0|0|213536|720|1280
0|360|72|0|0|0|227685|720|1280
1|0|-1|0|0|0|227806|720|1280
0|360|72|0|0|0|228849|720|1280
1|0|-1|0|0|0|228933|720|1280
0|360|72|0|0|0|229612|720|1280
1|0|-1|0|0|0|229705|720|1280
0|360|72|0|0|0|230341|720|1280
1|0|-1|0|0|0|230437|720|1280
0|360|72|0|0|0|231004|720|1280
1|0|-1|0|0|0|231093|720|1280
0|360|72|0|0|0|231714|720|1280
1|0|-1|0|0|0|231796|720|1280
0|360|72|0|0|0|232374|720|1280
1|0|-1|0|0|0|232449|720|1280
0|360|72|0|0|0|233069|720|1280
1|0|-1|0|0|0|233161|720|1280
0|360|72|0|0|0|233737|720|1280
1|0|-1|0|0|0|233830|720|1280
0|360|72|0|0|0|234419|720|1280
1|0|-1|0|0|0|234501|720|1280
0|360|72|0|0|0|235063|720|1280
1|0|-1|0|0|0|235162|720|1280
0|360|72|0|0|0|235727|720|1280
1|0|-1|0|0|0|235814|720|1280
0|360|72|0|0|0|236370|720|1280
1|0|-1|0|0|0|236452|720|1280
0|360|72|0|0|0|237006|720|1280
1|0|-1|0|0|0|237086|720|1280
0|360|72|0|0|0|237686|720|1280
1|0|-1|0|0|0|237774|720|1280
0|360|72|0|0|0|238353|720|1280
1|0|-1|0|0|0|238436|720|1280
0|360|72|0|0|0|239011|720|1280
1|0|-1|0|0|0|239096|720|1280
0|360|72|0|0|0|239688|720|1280
1|0|-1|0|0|0|239772|720|1280
0|360|72|0|0|0|240378|720|1280
1|0|-1|0|0|0|240468|720|1280
0|360|72|0|0|0|241104|720|1280
1|0|-1|0|0|0|241180|720|1280
0|360|72|0|0|0|241804|720|1280
1|0|-1|0|0|0|241882|720|1280
0|360|72|0|0|0|242500|720|1280
1|0|-1|0|0|0|242584|720|1280
0|360|72|0|0|0|243218|720|1280
1|0|-1|0|0|0|243296|720|1280
0|360|72|0|0|0|243926|720|1280
1|0|-1|0|0|0|244007|720|1280
0|360|72|0|0|0|244635|720|1280
1|0|-1|0|0|0|244712|720|1280
0|360|72|0|0|0|245339|720|1280
1|0|-1|0|0|0|245419|720|1280
0|358|1017|0|0|0|246191|720|1280
1|0|-1|0|0|0|246331|720|1280
0|355|1123|0|0|0|253363|720|1280
1|0|-1|0|0|0|253448|720|1280
0|355|1123|0|0|0|254108|720|1280
1|0|-1|0|0|0|254209|720|1280
0|355|1123|0|0|0|254819|720|1280
1|0|-1|0|0|0|254908|720|1280
0|355|1123|0|0|0|255555|720|1280
1|0|-1|0|0|0|255657|720|1280
0|355|1123|0|0|0|256224|720|1280
1|0|-1|0|0|0|256325|720|1280
0|355|1123|0|0|0|256912|720|1280
1|0|-1|0|0|0|256996|720|1280
0|355|1123|0|0|0|257620|720|1280
1|0|-1|0|0|0|257711|720|1280
0|355|1123|0|0|0|258228|720|1280
1|0|-1|0|0|0|258305|720|1280
0|355|1123|0|0|0|258986|720|1280
1|0|-1|0|0|0|259079|720|1280
0|355|1123|0|0|0|259691|720|1280
1|0|-1|0|0|0|259771|720|1280
0|355|1123|0|0|0|260419|720|1280
1|0|-1|0|0|0|260514|720|1280
0|355|1123|0|0|0|261122|720|1280
1|0|-1|0|0|0|261230|720|1280
0|355|1123|0|0|0|261842|720|1280
1|0|-1|0|0|0|261963|720|1280
0|355|1123|0|0|0|262555|720|1280
1|0|-1|0|0|0|262653|720|1280
0|355|1123|0|0|0|263309|720|1280
1|0|-1|0|0|0|263387|720|1280
0|355|1123|0|0|0|264032|720|1280
1|0|-1|0|0|0|264129|720|1280
0|358|1044|0|0|0|264727|720|1280
1|0|-1|0|0|0|264830|720|1280
0|355|1123|0|0|0|265405|720|1280
1|0|-1|0|0|0|265504|720|1280
0|355|1123|0|0|0|266098|720|1280
1|0|-1|0|0|0|266184|720|1280
0|347|1123|0|0|0|266220|720|1280
1|0|-1|0|0|0|266297|720|1280
0|355|1123|0|0|0|266823|720|1280
1|0|-1|0|0|0|266909|720|1280
0|363|1152|0|0|0|267296|720|1280
1|0|-1|0|0|0|267373|720|1280
0|355|1123|0|0|0|267551|720|1280
6|363|1152|0|0|0|267663|720|1280
6|363|1152|0|0|0|267663|720|1280
1|0|-1|0|0|0|267684|720|1280
0|347|1123|0|0|0|267892|720|1280
1|0|-1|0|0|0|267973|720|1280
0|355|1123|0|0|0|268171|720|1280
1|0|-1|0|0|0|268271|720|1280
0|355|1123|0|0|0|268862|720|1280
1|0|-1|0|0|0|268947|720|1280
0|347|1123|0|0|0|269012|720|1280
1|0|-1|0|0|0|269089|720|1280
0|347|1123|0|0|0|269260|720|1280
1|0|-1|0|0|0|269329|720|1280
0|355|1123|0|0|0|269497|720|1280
6|347|1123|0|0|0|269603|720|1280
6|347|1123|0|0|0|269603|720|1280
1|0|-1|0|0|0|269668|720|1280
0|347|1123|0|0|0|269913|720|1280
1|0|-1|0|0|0|269980|720|1280
0|355|1123|0|0|0|270183|720|1280
6|347|1123|0|0|0|270265|720|1280
6|347|1123|0|0|0|270265|720|1280
1|0|-1|0|0|0|270332|720|1280
0|347|1123|0|0|0|270680|720|1280
1|0|-1|0|0|0|270761|720|1280
0|355|1123|0|0|0|270831|720|1280
1|0|-1|0|0|0|270921|720|1280
0|347|1123|0|0|0|271048|720|1280
1|0|-1|0|0|0|271133|720|1280
0|347|1123|0|0|0|271404|720|1280
1|0|-1|0|0|0|271485|720|1280
0|355|1123|0|0|0|271491|720|1280
1|0|-1|0|0|0|271565|720|1280
0|347|1123|0|0|0|271756|720|1280
1|0|-1|0|0|0|271829|720|1280
0|347|1123|0|0|0|272077|720|1280
6|355|1123|0|0|0|272145|720|1280
6|355|1123|0|0|0|272145|720|1280
1|0|-1|0|0|0|272210|720|1280
0|347|1123|0|0|0|272417|720|1280
1|0|-1|0|0|0|272481|720|1280
0|347|1123|0|0|0|272763|720|1280
1|0|-1|0|0|0|272829|720|1280
0|358|1044|0|0|0|272950|720|1280
1|0|-1|0|0|0|273054|720|1280
0|347|1123|0|0|0|273087|720|1280
1|0|-1|0|0|0|273141|720|1280
0|347|1123|0|0|0|273357|720|1280
1|0|-1|0|0|0|273441|720|1280
0|358|1044|0|0|0|273630|720|1280
6|347|1123|0|0|0|273732|720|1280
6|347|1123|0|0|0|273732|720|1280
1|0|-1|0|0|0|273791|720|1280
0|347|1123|0|0|0|274065|720|1280
1|0|-1|0|0|0|274139|720|1280
0|358|1044|0|0|0|274321|720|1280
1|0|-1|0|0|0|274399|720|1280
0|347|1123|0|0|0|274419|720|1280
1|0|-1|0|0|0|274507|720|1280
0|347|1123|0|0|0|274799|720|1280
1|0|-1|0|0|0|274879|720|1280
0|347|1123|0|0|0|275176|720|1280
1|0|-1|0|0|0|275271|720|1280
0|347|1123|0|0|0|275614|720|1280
1|0|-1|0|0|0|275723|720|1280
0|347|1123|0|0|0|275970|720|1280
1|0|-1|0|0|0|276087|720|1280
0|347|1123|0|0|0|276373|720|1280
1|0|-1|0|0|0|276475|720|1280
0|347|1123|0|0|0|276777|720|1280
1|0|-1|0|0|0|276875|720|1280
0|347|1123|0|0|0|277149|720|1280
1|0|-1|0|0|0|277259|720|1280
0|347|1123|0|0|0|277556|720|1280
1|0|-1|0|0|0|277659|720|1280
0|347|1123|0|0|0|277943|720|1280
1|0|-1|0|0|0|278047|720|1280
0|347|1123|0|0|0|278328|720|1280
1|0|-1|0|0|0|278431|720|1280
0|347|1123|0|0|0|278682|720|1280
1|0|-1|0|0|0|278783|720|1280
0|347|1123|0|0|0|279045|720|1280
1|0|-1|0|0|0|279143|720|1280
0|347|1123|0|0|0|279411|720|1280
1|0|-1|0|0|0|279507|720|1280
0|347|1123|0|0|0|279799|720|1280
1|0|-1|0|0|0|279897|720|1280
0|347|1123|0|0|0|280183|720|1280
1|0|-1|0|0|0|280289|720|1280
0|347|1123|0|0|0|280567|720|1280
1|0|-1|0|0|0|280663|720|1280
0|347|1123|0|0|0|280951|720|1280
1|0|-1|0|0|0|281039|720|1280
0|347|1123|0|0|0|281319|720|1280
1|0|-1|0|0|0|281407|720|1280
0|347|1123|0|0|0|281679|720|1280
1|0|-1|0|0|0|281779|720|1280
0|347|1123|0|0|0|282091|720|1280
1|0|-1|0|0|0|282183|720|1280
0|347|1123|0|0|0|282451|720|1280
1|0|-1|0|0|0|282552|720|1280
0|347|1123|0|0|0|282851|720|1280
1|0|-1|0|0|0|282939|720|1280
0|347|1123|0|0|0|283251|720|1280
1|0|-1|0|0|0|283343|720|1280
0|347|1123|0|0|0|283623|720|1280
1|0|-1|0|0|0|283719|720|1280
0|347|1123|0|0|0|283979|720|1280
1|0|-1|0|0|0|284079|720|1280
0|347|1123|0|0|0|284323|720|1280
1|0|-1|0|0|0|284419|720|1280
0|347|1123|0|0|0|284683|720|1280
1|0|-1|0|0|0|284775|720|1280
0|347|1123|0|0|0|285047|720|1280
1|0|-1|0|0|0|285135|720|1280
0|347|1123|0|0|0|285423|720|1280
1|0|-1|0|0|0|285515|720|1280
0|347|1123|0|0|0|285767|720|1280
1|0|-1|0|0|0|285867|720|1280
0|347|1123|0|0|0|286139|720|1280
1|0|-1|0|0|0|286235|720|1280
0|347|1123|0|0|0|286507|720|1280
1|0|-1|0|0|0|286599|720|1280
0|347|1123|0|0|0|286855|720|1280
1|0|-1|0|0|0|286963|720|1280
0|347|1123|0|0|0|287203|720|1280
1|0|-1|0|0|0|287295|720|1280
0|347|1123|0|0|0|287551|720|1280
1|0|-1|0|0|0|287656|720|1280
0|347|1123|0|0|0|287939|720|1280
1|0|-1|0|0|0|288035|720|1280
0|347|1123|0|0|0|288363|720|1280
1|0|-1|0|0|0|288463|720|1280
0|347|1123|0|0|0|288743|720|1280
1|0|-1|0|0|0|288835|720|1280
0|347|1123|0|0|0|289135|720|1280
1|0|-1|0|0|0|289224|720|1280
0|347|1123|0|0|0|289487|720|1280
1|0|-1|0|0|0|289579|720|1280
0|347|1123|0|0|0|289835|720|1280
1|0|-1|0|0|0|289927|720|1280