0|69|1231|0|0|0|1026|720|1280
1|0|-1|0|0|0|1027|720|1280
0|367|701|0|0|0|1027|720|1280
1|0|-1|0|0|0|1027|720|1280
0|560|700|0|0|0|1028|720|1280
1|0|-1|0|0|0|1028|720|1280
0|201|959|0|0|0|1028|720|1280
1|0|-1|0|0|0|1029|720|1280
0|324|1075|0|0|0|1047|720|1280
1|0|-1|0|0|0|1047|720|1280
0|69|1231|0|0|0|1234|720|1280
1|0|-1|0|0|0|1234|720|1280
0|367|701|0|0|0|1286|720|1280
1|0|-1|0|0|0|1286|720|1280
0|560|700|0|0|0|1328|720|1280
1|0|-1|0|0|0|1328|720|1280
0|201|959|0|0|0|1382|720|1280
1|0|-1|0|0|0|1382|720|1280
0|324|1075|0|0|0|1423|720|1280
1|0|-1|0|0|0|1423|720|1280
0|69|1231|0|0|0|1608|720|1280
1|0|-1|0|0|0|1608|720|1280
0|367|701|0|0|0|1655|720|1280
1|0|-1|0|0|0|1656|720|1280
0|560|700|0|0|0|1704|720|1280
1|0|-1|0|0|0|1704|720|1280
0|201|959|0|0|0|1752|720|1280
1|0|-1|0|0|0|1752|720|1280
0|324|1075|0|0|0|1798|720|1280
1|0|-1|0|0|0|1798|720|1280
0|69|1231|0|0|0|1983|720|1280
1|0|-1|0|0|0|1983|720|1280
0|367|701|0|0|0|2034|720|1280
1|0|-1|0|0|0|2034|720|1280
0|560|700|0|0|0|2085|720|1280
1|0|-1|0|0|0|2086|720|1280
0|201|959|0|0|0|2129|720|1280
1|0|-1|0|0|0|2129|720|1280
0|324|1075|0|0|0|2171|720|1280
1|0|-1|0|0|0|2171|720|1280
0|69|1231|0|0|0|2358|720|1280
1|0|-1|0|0|0|2358|720|1280
0|367|701|0|0|0|2406|720|1280
1|0|-1|0|0|0|2406|720|1280
0|560|700|0|0|0|2454|720|1280
1|0|-1|0|0|0|2454|720|1280
0|201|959|0|0|0|2505|720|1280
1|0|-1|0|0|0|2506|720|1280
0|324|1075|0|0|0|2550|720|1280
1|0|-1|0|0|0|2550|720|1280
0|69|1231|0|0|0|2742|720|1280
1|0|-1|0|0|0|2742|720|1280
0|367|701|0|0|0|2788|720|1280
1|0|-1|0|0|0|2788|720|1280
0|560|700|0|0|0|2829|720|1280
1|0|-1|0|0|0|2829|720|1280
0|201|959|0|0|0|2875|720|1280
1|0|-1|0|0|0|2875|720|1280
0|324|1075|0|0|0|2925|720|1280
1|0|-1|0|0|0|2926|720|1280
0|69|1231|0|0|0|3111|720|1280
1|0|-1|0|0|0|3111|720|1280
0|367|701|0|0|0|3155|720|1280
1|0|-1|0|0|0|3155|720|1280
0|560|700|0|0|0|3204|720|1280
1|0|-1|0|0|0|3204|720|1280
0|201|959|0|0|0|3249|720|1280
1|0|-1|0|0|0|3249|720|1280
0|324|1075|0|0|0|3301|720|1280
1|0|-1|0|0|0|3301|720|1280
0|69|1231|0|0|0|3491|720|1280
1|0|-1|0|0|0|3491|720|1280
0|367|701|0|0|0|3538|720|1280
1|0|-1|0|0|0|3538|720|1280
0|560|700|0|0|0|3577|720|1280
1|0|-1|0|0|0|3577|720|1280
0|201|959|0|0|0|3624|720|1280
1|0|-1|0|0|0|3625|720|1280
0|324|1075|0|0|0|3673|720|1280
1|0|-1|0|0|0|3673|720|1280
0|69|1231|0|0|0|3859|720|1280
1|0|-1|0|0|0|3859|720|1280
0|367|701|0|0|0|3910|720|1280
1|0|-1|0|0|0|3910|720|1280
0|560|700|0|0|0|3953|720|1280
1|0|-1|0|0|0|3953|720|1280
0|201|959|0|0|0|4000|720|1280
1|0|-1|0|0|0|4000|720|1280
0|324|1075|0|0|0|4046|720|1280
1|0|-1|0|0|0|4046|720|1280
0|69|1231|0|0|0|4238|720|1280
1|0|-1|0|0|0|4238|720|1280
0|367|701|0|0|0|4281|720|1280
1|0|-1|0|0|0|4281|720|1280
0|560|700|0|0|0|4327|720|1280
1|0|-1|0|0|0|4327|720|1280
0|201|959|0|0|0|4378|720|1280
1|0|-1|0|0|0|4379|720|1280
0|324|1075|0|0|0|4429|720|1280
1|0|-1|0|0|0|4430|720|1280
0|69|1231|0|0|0|4617|720|1280
1|0|-1|0|0|0|4617|720|1280
0|367|701|0|0|0|4664|720|1280
1|0|-1|0|0|0|4664|720|1280
0|560|700|0|0|0|4706|720|1280
1|0|-1|0|0|0|4706|720|1280
0|201|959|0|0|0|4752|720|1280
1|0|-1|0|0|0|4752|720|1280
0|324|1075|0|0|0|4799|720|1280
1|0|-1|0|0|0|4799|720|1280
0|69|1231|0|0|0|4983|720|1280
1|0|-1|0|0|0|4983|720|1280
0|367|701|0|0|0|5034|720|1280
1|0|-1|0|0|0|5035|720|1280
0|560|700|0|0|0|5083|720|1280
1|0|-1|0|0|0|5084|720|1280
0|201|959|0|0|0|5129|720|1280
1|0|-1|0|0|0|5129|720|1280
0|324|1075|0|0|0|5170|720|1280
1|0|-1|0|0|0|5171|720|1280
0|69|1231|0|0|0|5363|720|1280
1|0|-1|0|0|0|5363|720|1280
0|367|701|0|0|0|5405|720|1280
1|0|-1|0|0|0|5405|720|1280
0|560|700|0|0|0|5452|720|1280
1|0|-1|0|0|0|5452|720|1280
0|201|959|0|0|0|5501|720|1280
1|0|-1|0|0|0|5501|720|1280
0|324|1075|0|0|0|5547|720|1280
1|0|-1|0|0|0|5547|720|1280
0|69|1231|0|0|0|5740|720|1280
1|0|-1|0|0|0|5740|720|1280
0|367|701|0|0|0|5781|720|1280
1|0|-1|0|0|0|5781|720|1280
0|560|700|0|0|0|5831|720|1280
1|0|-1|0|0|0|5831|720|1280
0|201|959|0|0|0|5875|720|1280
1|0|-1|0|0|0|5876|720|1280
0|324|1075|0|0|0|5923|720|1280
1|0|-1|0|0|0|5923|720|1280
0|69|1231|0|0|0|6110|720|1280
1|0|-1|0|0|0|6110|720|1280
0|367|701|0|0|0|6156|720|1280
1|0|-1|0|0|0|6156|720|1280
0|560|700|0|0|0|6201|720|1280
1|0|-1|0|0|0|6202|720|1280
0|201|959|0|0|0|6255|720|1280
1|0|-1|0|0|0|6255|720|1280
0|324|1075|0|0|0|6300|720|1280
1|0|-1|0|0|0|6300|720|1280
0|69|1231|0|0|0|6485|720|1280
1|0|-1|0|0|0|6485|720|1280
0|367|701|0|0|0|6535|720|1280
1|0|-1|0|0|0|6535|720|1280
0|560|700|0|0|0|6586|720|1280
1|0|-1|0|0|0|6586|720|1280
0|201|959|0|0|0|6625|720|1280
1|0|-1|0|0|0|6626|720|1280
0|324|1075|0|0|0|6673|720|1280
1|0|-1|0|0|0|6673|720|1280
0|69|1231|0|0|0|6859|720|1280
1|0|-1|0|0|0|6860|720|1280
0|367|701|0|0|0|6905|720|1280
1|0|-1|0|0|0|6905|720|1280
0|560|700|0|0|0|6953|720|1280
1|0|-1|0|0|0|6953|720|1280
0|201|959|0|0|0|6998|720|1280
1|0|-1|0|0|0|6998|720|1280
0|324|1075|0|0|0|7053|720|1280
1|0|-1|0|0|0|7053|720|1280
0|69|1231|0|0|0|7235|720|1280
1|0|-1|0|0|0|7235|720|1280
0|367|701|0|0|0|7286|720|1280
1|0|-1|0|0|0|7286|720|1280
0|560|700|0|0|0|7328|720|1280
1|0|-1|0|0|0|7328|720|1280
0|201|959|0|0|0|7375|720|1280
1|0|-1|0|0|0|7375|720|1280
0|324|1075|0|0|0|7426|720|1280
1|0|-1|0|0|0|7426|720|1280
0|69|1231|0|0|0|7614|720|1280
1|0|-1|0|0|0|7614|720|1280
0|367|701|0|0|0|7661|720|1280
1|0|-1|0|0|0|7661|720|1280
0|560|700|0|0|0|7706|720|1280
1|0|-1|0|0|0|7706|720|1280
0|201|959|0|0|0|7753|720|1280
1|0|-1|0|0|0|7753|720|1280
0|324|1075|0|0|0|7800|720|1280
1|0|-1|0|0|0|7800|720|1280
0|69|1231|0|0|0|7989|720|1280
1|0|-1|0|0|0|7989|720|1280
0|367|701|0|0|0|8029|720|1280
1|0|-1|0|0|0|8029|720|1280
0|560|700|0|0|0|8078|720|1280
1|0|-1|0|0|0|8078|720|1280
0|201|959|0|0|0|8132|720|1280
1|0|-1|0|0|0|8132|720|1280
0|324|1075|0|0|0|8173|720|1280
1|0|-1|0|0|0|8173|720|1280
0|69|1231|0|0|0|8364|720|1280
1|0|-1|0|0|0|8365|720|1280
0|367|701|0|0|0|8412|720|1280
1|0|-1|0|0|0|8412|720|1280
0|560|700|0|0|0|8456|720|1280
1|0|-1|0|0|0|8457|720|1280
0|201|959|0|0|0|8503|720|1280
1|0|-1|0|0|0|8504|720|1280
0|324|1075|0|0|0|8552|720|1280
1|0|-1|0|0|0|8552|720|1280
0|69|1231|0|0|0|8740|720|1280
1|0|-1|0|0|0|8740|720|1280
0|367|701|0|0|0|8779|720|1280
1|0|-1|0|0|0|8780|720|1280
0|560|700|0|0|0|8831|720|1280
1|0|-1|0|0|0|8831|720|1280
0|201|959|0|0|0|8878|720|1280
1|0|-1|0|0|0|8878|720|1280
0|324|1075|0|0|0|8924|720|1280
1|0|-1|0|0|0|8924|720|1280
0|69|1231|0|0|0|9115|720|1280
1|0|-1|0|0|0|9115|720|1280
0|367|701|0|0|0|9156|720|1280
1|0|-1|0|0|0|9156|720|1280
0|560|700|0|0|0|9204|720|1280
1|0|-1|0|0|0|9204|720|1280
0|201|959|0|0|0|9250|720|1280
1|0|-1|0|0|0|9251|720|1280
0|324|1075|0|0|0|9301|720|1280
1|0|-1|0|0|0|9302|720|1280
0|69|1231|0|0|0|9485|720|1280
1|0|-1|0|0|0|9486|720|1280
0|367|701|0|0|0|9537|720|1280
1|0|-1|0|0|0|9538|720|1280
0|560|700|0|0|0|9583|720|1280
1|0|-1|0|0|0|9583|720|1280
0|201|959|0|0|0|9629|720|1280
1|0|-1|0|0|0|9629|720|1280
0|324|1075|0|0|0|9675|720|1280
1|0|-1|0|0|0|9675|720|1280
0|69|1231|0|0|0|9865|720|1280
1|0|-1|0|0|0|9865|720|1280
0|367|701|0|0|0|9914|720|1280
1|0|-1|0|0|0|9914|720|1280
0|560|700|0|0|0|9956|720|1280
1|0|-1|0|0|0|9956|720|1280
0|201|959|0|0|0|10003|720|1280
1|0|-1|0|0|0|10003|720|1280
0|324|1075|0|0|0|10051|720|1280
1|0|-1|0|0|0|10051|720|1280
0|69|1231|0|0|0|10238|720|1280
1|0|-1|0|0|0|10238|720|1280
0|367|701|0|0|0|10288|720|1280
1|0|-1|0|0|0|10288|720|1280
0|560|700|0|0|0|10327|720|1280
1|0|-1|0|0|0|10328|720|1280
0|201|959|0|0|0|10375|720|1280
1|0|-1|0|0|0|10375|720|1280
0|324|1075|0|0|0|10428|720|1280
1|0|-1|0|0|0|10428|720|1280
0|69|1231|0|0|0|10616|720|1280
1|0|-1|0|0|0|10616|720|1280
0|367|701|0|0|0|10661|720|1280
1|0|-1|0|0|0|10662|720|1280
0|560|700|0|0|0|10703|720|1280
1|0|-1|0|0|0|10703|720|1280
0|201|959|0|0|0|10755|720|1280
1|0|-1|0|0|0|10755|720|1280
0|324|1075|0|0|0|10796|720|1280
1|0|-1|0|0|0|10796|720|1280
0|69|1231|0|0|0|10991|720|1280
1|0|-1|0|0|0|10991|720|1280
0|367|701|0|0|0|11033|720|1280
1|0|-1|0|0|0|11033|720|1280
0|560|700|0|0|0|11086|720|1280
1|0|-1|0|0|0|11087|720|1280
0|201|959|0|0|0|11125|720|1280
1|0|-1|0|0|0|11126|720|1280
0|324|1075|0|0|0|11172|720|1280
1|0|-1|0|0|0|11173|720|1280
0|69|1231|0|0|0|11363|720|1280
1|0|-1|0|0|0|11364|720|1280
0|367|701|0|0|0|11413|720|1280
1|0|-1|0|0|0|11414|720|1280
0|560|700|0|0|0|11459|720|1280
1|0|-1|0|0|0|11459|720|1280
0|201|959|0|0|0|11500|720|1280
1|0|-1|0|0|0|11501|720|1280
0|324|1075|0|0|0|11548|720|1280
1|0|-1|0|0|0|11548|720|1280
0|69|1231|0|0|0|11737|720|1280
1|0|-1|0|0|0|11737|720|1280
0|367|701|0|0|0|11782|720|1280
1|0|-1|0|0|0|11782|720|1280
0|560|700|0|0|0|11832|720|1280
1|0|-1|0|0|0|11833|720|1280
0|201|959|0|0|0|11874|720|1280
1|0|-1|0|0|0|11874|720|1280
0|324|1075|0|0|0|11929|720|1280
1|0|-1|0|0|0|11929|720|1280
0|69|1231|0|0|0|12113|720|1280
1|0|-1|0|0|0|12113|720|1280
0|367|701|0|0|0|12160|720|1280
1|0|-1|0|0|0|12160|720|1280
0|560|700|0|0|0|12208|720|1280
1|0|-1|0|0|0|12208|720|1280
0|201|959|0|0|0|12255|720|1280
1|0|-1|0|0|0|12255|720|1280
0|324|1075|0|0|0|12297|720|1280
1|0|-1|0|0|0|12298|720|1280
0|69|1231|0|0|0|12491|720|1280
1|0|-1|0|0|0|12491|720|1280
0|367|701|0|0|0|12536|720|1280
1|0|-1|0|0|0|12537|720|1280
0|560|700|0|0|0|12578|720|1280
1|0|-1|0|0|0|12578|720|1280
0|201|959|0|0|0|12623|720|1280
1|0|-1|0|0|0|12624|720|1280
0|324|1075|0|0|0|12675|720|1280
1|0|-1|0|0|0|12675|720|1280
0|69|1231|0|0|0|12865|720|1280
1|0|-1|0|0|0|12866|720|1280
0|367|701|0|0|0|12906|720|1280
1|0|-1|0|0|0|12906|720|1280
0|560|700|0|0|0|12952|720|1280
1|0|-1|0|0|0|12952|720|1280
0|201|959|0|0|0|13000|720|1280
1|0|-1|0|0|0|13001|720|1280
0|324|1075|0|0|0|13054|720|1280
1|0|-1|0|0|0|13054|720|1280
0|69|1231|0|0|0|13238|720|1280
1|0|-1|0|0|0|13238|720|1280
0|367|701|0|0|0|13288|720|1280
1|0|-1|0|0|0|13288|720|1280
0|560|700|0|0|0|13334|720|1280
1|0|-1|0|0|0|13334|720|1280
0|201|959|0|0|0|13378|720|1280
1|0|-1|0|0|0|13378|720|1280
0|324|1075|0|0|0|13421|720|1280
1|0|-1|0|0|0|13421|720|1280
0|69|1231|0|0|0|13613|720|1280
1|0|-1|0|0|0|13613|720|1280
0|367|701|0|0|0|13660|720|1280
1|0|-1|0|0|0|13660|720|1280
0|560|700|0|0|0|13702|720|1280
1|0|-1|0|0|0|13703|720|1280
0|201|959|0|0|0|13754|720|1280
1|0|-1|0|0|0|13754|720|1280
0|324|1075|0|0|0|13797|720|1280
1|0|-1|0|0|0|13797|720|1280
0|69|1231|0|0|0|13985|720|1280
1|0|-1|0|0|0|13985|720|1280
0|367|701|0|0|0|14030|720|1280
1|0|-1|0|0|0|14030|720|1280
0|560|700|0|0|0|14077|720|1280
1|0|-1|0|0|0|14077|720|1280
0|201|959|0|0|0|14125|720|1280
1|0|-1|0|0|0|14125|720|1280
0|324|1075|0|0|0|14172|720|1280
1|0|-1|0|0|0|14172|720|1280
0|69|1231|0|0|0|14363|720|1280
1|0|-1|0|0|0|14364|720|1280
0|367|701|0|0|0|14411|720|1280
1|0|-1|0|0|0|14411|720|1280
0|560|700|0|0|0|14455|720|1280
1|0|-1|0|0|0|14455|720|1280
0|201|959|0|0|0|14499|720|1280
1|0|-1|0|0|0|14499|720|1280
0|324|1075|0|0|0|14551|720|1280
1|0|-1|0|0|0|14551|720|1280
0|69|1231|0|0|0|14741|720|1280
1|0|-1|0|0|0|14741|720|1280
0|367|701|0|0|0|14782|720|1280
1|0|-1|0|0|0|14782|720|1280
0|560|700|0|0|0|14829|720|1280
1|0|-1|0|0|0|14829|720|1280
0|201|959|0|0|0|14877|720|1280
1|0|-1|0|0|0|14877|720|1280
0|324|1075|0|0|0|14927|720|1280
1|0|-1|0|0|0|14927|720|1280
0|69|1231|0|0|0|15108|720|1280
1|0|-1|0|0|0|15108|720|1280
0|367|701|0|0|0|15159|720|1280
1|0|-1|0|0|0|15159|720|1280
0|560|700|0|0|0|15209|720|1280
1|0|-1|0|0|0|15209|720|1280
0|201|959|0|0|0|15258|720|1280
1|0|-1|0|0|0|15258|720|1280
0|324|1075|0|0|0|15297|720|1280
1|0|-1|0|0|0|15297|720|1280
0|69|1231|0|0|0|15487|720|1280
1|0|-1|0|0|0|15487|720|1280
0|367|701|0|0|0|15535|720|1280
1|0|-1|0|0|0|15535|720|1280
0|560|700|0|0|0|15579|720|1280
1|0|-1|0|0|0|15579|720|1280
0|201|959|0|0|0|15630|720|1280
1|0|-1|0|0|0|15630|720|1280
0|324|1075|0|0|0|15679|720|1280
1|0|-1|0|0|0|15679|720|1280
0|69|1231|0|0|0|15862|720|1280
1|0|-1|0|0|0|15863|720|1280
0|367|701|0|0|0|15911|720|1280
1|0|-1|0|0|0|15911|720|1280
0|560|700|0|0|0|15958|720|1280
1|0|-1|0|0|0|15958|720|1280
0|201|959|0|0|0|16004|720|1280
1|0|-1|0|0|0|16004|720|1280
0|324|1075|0|0|0|16051|720|1280
1|0|-1|0|0|0|16052|720|1280
0|69|1231|0|0|0|16238|720|1280
1|0|-1|0|0|0|16238|720|1280
0|367|701|0|0|0|16286|720|1280
1|0|-1|0|0|0|16287|720|1280
0|560|700|0|0|0|16331|720|1280
1|0|-1|0|0|0|16331|720|1280
0|201|959|0|0|0|16374|720|1280
1|0|-1|0|0|0|16374|720|1280
0|324|1075|0|0|0|16421|720|1280
1|0|-1|0|0|0|16421|720|1280
0|69|1231|0|0|0|16608|720|1280
1|0|-1|0|0|0|16608|720|1280
0|367|701|0|0|0|16656|720|1280
1|0|-1|0|0|0|16657|720|1280
0|560|700|0|0|0|16704|720|1280
1|0|-1|0|0|0|16704|720|1280
0|201|959|0|0|0|16751|720|1280
1|0|-1|0|0|0|16752|720|1280
0|324|1075|0|0|0|16798|720|1280
1|0|-1|0|0|0|16798|720|1280
0|69|1231|0|0|0|16986|720|1280
1|0|-1|0|0|0|16987|720|1280
0|367|701|0|0|0|17033|720|1280
1|0|-1|0|0|0|17034|720|1280
0|560|700|0|0|0|17081|720|1280
1|0|-1|0|0|0|17081|720|1280
0|201|959|0|0|0|17133|720|1280
1|0|-1|0|0|0|17133|720|1280
0|324|1075|0|0|0|17174|720|1280
1|0|-1|0|0|0|17174|720|1280
0|69|1231|0|0|0|17363|720|1280
1|0|-1|0|0|0|17364|720|1280
0|367|701|0|0|0|17404|720|1280
1|0|-1|0|0|0|17404|720|1280
0|560|700|0|0|0|17453|720|1280
1|0|-1|0|0|0|17453|720|1280
0|201|959|0|0|0|17499|720|1280
1|0|-1|0|0|0|17499|720|1280
0|324|1075|0|0|0|17545|720|1280
1|0|-1|0|0|0|17545|720|1280
0|69|1231|0|0|0|17736|720|1280
1|0|-1|0|0|0|17736|720|1280
0|367|701|0|0|0|17786|720|1280
1|0|-1|0|0|0|17786|720|1280
0|560|700|0|0|0|17835|720|1280
1|0|-1|0|0|0|17836|720|1280
0|201|959|0|0|0|17875|720|1280
1|0|-1|0|0|0|17875|720|1280
0|324|1075|0|0|0|17922|720|1280
1|0|-1|0|0|0|17923|720|1280
0|69|1231|0|0|0|18111|720|1280
1|0|-1|0|0|0|18111|720|1280
0|367|701|0|0|0|18157|720|1280
1|0|-1|0|0|0|18157|720|1280
0|560|700|0|0|0|18208|720|1280
1|0|-1|0|0|0|18208|720|1280
0|201|959|0|0|0|18253|720|1280
1|0|-1|0|0|0|18254|720|1280
0|324|1075|0|0|0|18302|720|1280
1|0|-1|0|0|0|18302|720|1280
0|69|1231|0|0|0|18482|720|1280
1|0|-1|0|0|0|18482|720|1280
0|367|701|0|0|0|18534|720|1280
1|0|-1|0|0|0|18534|720|1280
0|560|700|0|0|0|18581|720|1280
1|0|-1|0|0|0|18581|720|1280
0|201|959|0|0|0|18628|720|1280
1|0|-1|0|0|0|18628|720|1280
0|324|1075|0|0|0|18676|720|1280
1|0|-1|0|0|0|18677|720|1280
0|69|1231|0|0|0|18864|720|1280
1|0|-1|0|0|0|18865|720|1280
0|367|701|0|0|0|18908|720|1280
1|0|-1|0|0|0|18908|720|1280
0|560|700|0|0|0|18952|720|1280
1|0|-1|0|0|0|18952|720|1280
0|201|959|0|0|0|19003|720|1280
1|0|-1|0|0|0|19003|720|1280
0|324|1075|0|0|0|19053|720|1280
1|0|-1|0|0|0|19054|720|1280
0|69|1231|0|0|0|19232|720|1280
1|0|-1|0|0|0|19232|720|1280
0|367|701|0|0|0|19280|720|1280
1|0|-1|0|0|0|19280|720|1280
0|560|700|0|0|0|19334|720|1280
1|0|-1|0|0|0|19334|720|1280
0|201|959|0|0|0|19381|720|1280
1|0|-1|0|0|0|19381|720|1280
0|324|1075|0|0|0|19422|720|1280
1|0|-1|0|0|0|19423|720|1280
0|69|1231|0|0|0|19615|720|1280
1|0|-1|0|0|0|19616|720|1280
0|367|701|0|0|0|19663|720|1280
1|0|-1|0|0|0|19663|720|1280
0|560|700|0|0|0|19704|720|1280
1|0|-1|0|0|0|19704|720|1280
0|201|959|0|0|0|19751|720|1280
1|0|-1|0|0|0|19752|720|1280
0|324|1075|0|0|0|19796|720|1280
1|0|-1|0|0|0|19796|720|1280
0|69|1231|0|0|0|19989|720|1280
1|0|-1|0|0|0|19990|720|1280
0|367|701|0|0|0|20033|720|1280
1|0|-1|0|0|0|20034|720|1280
0|560|700|0|0|0|20085|720|1280
1|0|-1|0|0|0|20085|720|1280
0|201|959|0|0|0|20131|720|1280
1|0|-1|0|0|0|20131|720|1280
0|324|1075|0|0|0|20173|720|1280
1|0|-1|0|0|0|20173|720|1280
0|69|1231|0|0|0|20358|720|1280
1|0|-1|0|0|0|20359|720|1280
0|367|701|0|0|0|20410|720|1280
1|0|-1|0|0|0|20411|720|1280
0|560|700|0|0|0|20456|720|1280
1|0|-1|0|0|0|20457|720|1280
0|201|959|0|0|0|20503|720|1280
1|0|-1|0|0|0|20504|720|1280
0|324|1075|0|0|0|20554|720|1280
1|0|-1|0|0|0|20555|720|1280
0|69|1231|0|0|0|20739|720|1280
1|0|-1|0|0|0|20740|720|1280
0|367|701|0|0|0|20785|720|1280
1|0|-1|0|0|0|20785|720|1280
0|560|700|0|0|0|20827|720|1280
1|0|-1|0|0|0|20827|720|1280
0|201|959|0|0|0|20874|720|1280
1|0|-1|0|0|0|20874|720|1280
0|324|1075|0|0|0|20927|720|1280
1|0|-1|0|0|0|20927|720|1280
0|69|1231|0|0|0|21109|720|1280
1|0|-1|0|0|0|21109|720|1280
0|367|701|0|0|0|21156|720|1280
1|0|-1|0|0|0|21156|720|1280
0|560|700|0|0|0|21204|720|1280
1|0|-1|0|0|0|21205|720|1280
0|201|959|0|0|0|21250|720|1280
1|0|-1|0|0|0|21250|720|1280
0|324|1075|0|0|0|21295|720|1280
1|0|-1|0|0|0|21296|720|1280
0|69|1231|0|0|0|21488|720|1280
1|0|-1|0|0|0|21488|720|1280
0|367|701|0|0|0|21535|720|1280
1|0|-1|0|0|0|21535|720|1280
0|560|700|0|0|0|21579|720|1280
1|0|-1|0|0|0|21579|720|1280
0|201|959|0|0|0|21626|720|1280
1|0|-1|0|0|0|21627|720|1280
0|324|1075|0|0|0|21672|720|1280
1|0|-1|0|0|0|21673|720|1280
0|69|1231|0|0|0|21862|720|1280
1|0|-1|0|0|0|21863|720|1280
0|367|701|0|0|0|21908|720|1280
1|0|-1|0|0|0|21908|720|1280
0|560|700|0|0|0|21960|720|1280
1|0|-1|0|0|0|21960|720|1280
0|201|959|0|0|0|22004|720|1280
1|0|-1|0|0|0|22004|720|1280
0|324|1075|0|0|0|22045|720|1280
1|0|-1|0|0|0|22045|720|1280
0|69|1231|0|0|0|22240|720|1280
1|0|-1|0|0|0|22240|720|1280
0|367|701|0|0|0|22284|720|1280
1|0|-1|0|0|0|22284|720|1280
0|560|700|0|0|0|22328|720|1280
1|0|-1|0|0|0|22328|720|1280
0|201|959|0|0|0|22376|720|1280
1|0|-1|0|0|0|22376|720|1280
0|324|1075|0|0|0|22427|720|1280
1|0|-1|0|0|0|22427|720|1280
0|69|1231|0|0|0|22609|720|1280
1|0|-1|0|0|0|22610|720|1280
0|367|701|0|0|0|22657|720|1280
1|0|-1|0|0|0|22657|720|1280
0|560|700|0|0|0|22701|720|1280
1|0|-1|0|0|0|22701|720|1280
0|201|959|0|0|0|22750|720|1280
1|0|-1|0|0|0|22750|720|1280
0|324|1075|0|0|0|22798|720|1280
1|0|-1|0|0|0|22798|720|1280
0|69|1231|0|0|0|22992|720|1280
1|0|-1|0|0|0|22992|720|1280
0|367|701|0|0|0|23036|720|1280
1|0|-1|0|0|0|23036|720|1280
0|560|700|0|0|0|23079|720|1280
1|0|-1|0|0|0|23079|720|1280
0|201|959|0|0|0|23130|720|1280
1|0|-1|0|0|0|23131|720|1280
0|324|1075|0|0|0|23176|720|1280
1|0|-1|0|0|0|23176|720|1280
0|69|1231|0|0|0|23364|720|1280
1|0|-1|0|0|0|23364|720|1280
0|367|701|0|0|0|23412|720|1280
1|0|-1|0|0|0|23412|720|1280
0|560|700|0|0|0|23453|720|1280
1|0|-1|0|0|0|23453|720|1280
0|201|959|0|0|0|23508|720|1280
1|0|-1|0|0|0|23508|720|1280
0|324|1075|0|0|0|23550|720|1280
1|0|-1|0|0|0|23550|720|1280
0|69|1231|0|0|0|23736|720|1280
1|0|-1|0|0|0|23736|720|1280
0|367|701|0|0|0|23781|720|1280
1|0|-1|0|0|0|23782|720|1280
0|560|700|0|0|0|23827|720|1280
1|0|-1|0|0|0|23827|720|1280
0|201|959|0|0|0|23883|720|1280
1|0|-1|0|0|0|23883|720|1280
0|324|1075|0|0|0|23924|720|1280
1|0|-1|0|0|0|23925|720|1280
0|69|1231|0|0|0|24116|720|1280
1|0|-1|0|0|0|24116|720|1280
0|367|701|0|0|0|24163|720|1280
1|0|-1|0|0|0|24163|720|1280
0|560|700|0|0|0|24202|720|1280
1|0|-1|0|0|0|24202|720|1280
0|201|959|0|0|0|24249|720|1280
1|0|-1|0|0|0|24250|720|1280
0|324|1075|0|0|0|24299|720|1280
1|0|-1|0|0|0|24300|720|1280
0|69|1231|0|0|0|24488|720|1280
1|0|-1|0|0|0|24488|720|1280
0|367|701|0|0|0|24539|720|1280
1|0|-1|0|0|0|24539|720|1280
0|560|700|0|0|0|24578|720|1280
1|0|-1|0|0|0|24578|720|1280
0|201|959|0|0|0|24626|720|1280
1|0|-1|0|0|0|24626|720|1280
0|324|1075|0|0|0|24673|720|1280
1|0|-1|0|0|0|24673|720|1280
0|69|1231|0|0|0|24865|720|1280
1|0|-1|0|0|0|24865|720|1280
0|367|701|0|0|0|24907|720|1280
1|0|-1|0|0|0|24907|720|1280
0|560|700|0|0|0|24958|720|1280
1|0|-1|0|0|0|24958|720|1280
0|201|959|0|0|0|24999|720|1280
1|0|-1|0|0|0|24999|720|1280
0|324|1075|0|0|0|25050|720|1280
1|0|-1|0|0|0|25050|720|1280
0|69|1231|0|0|0|25240|720|1280
1|0|-1|0|0|0|25240|720|1280
0|367|701|0|0|0|25287|720|1280
1|0|-1|0|0|0|25287|720|1280
0|560|700|0|0|0|25328|720|1280
1|0|-1|0|0|0|25328|720|1280
0|201|959|0|0|0|25383|720|1280
1|0|-1|0|0|0|25383|720|1280
0|324|1075|0|0|0|25420|720|1280
1|0|-1|0|0|0|25421|720|1280
0|69|1231|0|0|0|25609|720|1280
1|0|-1|0|0|0|25610|720|1280
0|367|701|0|0|0|25655|720|1280
1|0|-1|0|0|0|25655|720|1280
0|560|700|0|0|0|25709|720|1280
1|0|-1|0|0|0|25709|720|1280
0|201|959|0|0|0|25754|720|1280
1|0|-1|0|0|0|25754|720|1280
0|324|1075|0|0|0|25800|720|1280
1|0|-1|0|0|0|25800|720|1280
0|69|1231|0|0|0|25988|720|1280
1|0|-1|0|0|0|25988|720|1280
0|367|701|0|0|0|26032|720|1280
1|0|-1|0|0|0|26032|720|1280
0|560|700|0|0|0|26077|720|1280
1|0|-1|0|0|0|26077|720|1280
0|201|959|0|0|0|26131|720|1280
1|0|-1|0|0|0|26131|720|1280
0|324|1075|0|0|0|26172|720|1280
1|0|-1|0|0|0|26172|720|1280
0|69|1231|0|0|0|26361|720|1280
1|0|-1|0|0|0|26362|720|1280
0|367|701|0|0|0|26408|720|1280
1|0|-1|0|0|0|26408|720|1280
0|560|700|0|0|0|26460|720|1280
1|0|-1|0|0|0|26460|720|1280
0|201|959|0|0|0|26502|720|1280
1|0|-1|0|0|0|26502|720|1280
0|324|1075|0|0|0|26549|720|1280
1|0|-1|0|0|0|26549|720|1280
0|69|1231|0|0|0|26734|720|1280
1|0|-1|0|0|0|26734|720|1280
0|367|701|0|0|0|26787|720|1280
1|0|-1|0|0|0|26787|720|1280
0|560|700|0|0|0|26833|720|1280
1|0|-1|0|0|0|26833|720|1280
0|201|959|0|0|0|26879|720|1280
1|0|-1|0|0|0|26880|720|1280
0|324|1075|0|0|0|26920|720|1280
1|0|-1|0|0|0|26920|720|1280
0|69|1231|0|0|0|27115|720|1280
1|0|-1|0|0|0|27115|720|1280
0|367|701|0|0|0|27162|720|1280
1|0|-1|0|0|0|27162|720|1280
0|560|700|0|0|0|27208|720|1280
1|0|-1|0|0|0|27208|720|1280
0|201|959|0|0|0|27255|720|1280
1|0|-1|0|0|0|27255|720|1280
0|324|1075|0|0|0|27295|720|1280
1|0|-1|0|0|0|27295|720|1280
0|69|1231|0|0|0|27483|720|1280
1|0|-1|0|0|0|27483|720|1280
0|367|701|0|0|0|27536|720|1280
1|0|-1|0|0|0|27537|720|1280
0|560|700|0|0|0|27578|720|1280
1|0|-1|0|0|0|27578|720|1280
0|201|959|0|0|0|27633|720|1280
1|0|-1|0|0|0|27633|720|1280
0|324|1075|0|0|0|27674|720|1280
1|0|-1|0|0|0|27674|720|1280
0|69|1231|0|0|0|27865|720|1280
1|0|-1|0|0|0|27866|720|1280
0|367|701|0|0|0|27906|720|1280
1|0|-1|0|0|0|27906|720|1280
0|560|700|0|0|0|27956|720|1280
1|0|-1|0|0|0|27956|720|1280
0|201|959|0|0|0|27999|720|1280
1|0|-1|0|0|0|28000|720|1280
0|324|1075|0|0|0|28046|720|1280
1|0|-1|0|0|0|28046|720|1280
0|69|1231|0|0|0|28239|720|1280
1|0|-1|0|0|0|28239|720|1280
0|367|701|0|0|0|28289|720|1280
1|0|-1|0|0|0|28289|720|1280
0|560|700|0|0|0|28329|720|1280
1|0|-1|0|0|0|28329|720|1280
0|201|959|0|0|0|28380|720|1280
1|0|-1|0|0|0|28380|720|1280
0|324|1075|0|0|0|28424|720|1280
1|0|-1|0|0|0|28424|720|1280
0|69|1231|0|0|0|28607|720|1280
1|0|-1|0|0|0|28607|720|1280
0|367|701|0|0|0|28661|720|1280
1|0|-1|0|0|0|28662|720|1280
0|560|700|0|0|0|28703|720|1280
1|0|-1|0|0|0|28703|720|1280
0|201|959|0|0|0|28750|720|1280
1|0|-1|0|0|0|28751|720|1280
0|324|1075|0|0|0|28796|720|1280
1|0|-1|0|0|0|28796|720|1280
0|69|1231|0|0|0|28987|720|1280
1|0|-1|0|0|0|28987|720|1280
0|367|701|0|0|0|29029|720|1280
1|0|-1|0|0|0|29029|720|1280
0|560|700|0|0|0|29084|720|1280
1|0|-1|0|0|0|29084|720|1280
0|201|959|0|0|0|29124|720|1280
1|0|-1|0|0|0|29124|720|1280
0|324|1075|0|0|0|29171|720|1280
1|0|-1|0|0|0|29171|720|1280
0|69|1231|0|0|0|29359|720|1280
1|0|-1|0|0|0|29360|720|1280
0|367|701|0|0|0|29405|720|1280
1|0|-1|0|0|0|29406|720|1280
0|560|700|0|0|0|29457|720|1280
1|0|-1|0|0|0|29457|720|1280
0|201|959|0|0|0|29507|720|1280
1|0|-1|0|0|0|29508|720|1280
0|324|1075|0|0|0|29551|720|1280
1|0|-1|0|0|0|29551|720|1280
0|69|1231|0|0|0|29741|720|1280
1|0|-1|0|0|0|29741|720|1280
0|367|701|0|0|0|29782|720|1280
1|0|-1|0|0|0|29782|720|1280
0|560|700|0|0|0|29828|720|1280
1|0|-1|0|0|0|29828|720|1280
0|201|959|0|0|0|29878|720|1280
1|0|-1|0|0|0|29878|720|1280
0|324|1075|0|0|0|29929|720|1280
1|0|-1|0|0|0|29930|720|1280
0|69|1231|0|0|0|30114|720|1280
1|0|-1|0|0|0|30114|720|1280
0|367|701|0|0|0|30161|720|1280
1|0|-1|0|0|0|30161|720|1280
0|560|700|0|0|0|30202|720|1280
1|0|-1|0|0|0|30202|720|1280
0|201|959|0|0|0|30253|720|1280
1|0|-1|0|0|0|30253|720|1280
0|324|1075|0|0|0|30300|720|1280
1|0|-1|0|0|0|30300|720|1280
0|69|1231|0|0|0|30492|720|1280
1|0|-1|0|0|0|30492|720|1280
0|367|701|0|0|0|30531|720|1280
1|0|-1|0|0|0|30531|720|1280
0|560|700|0|0|0|30582|720|1280
1|0|-1|0|0|0|30583|720|1280
0|201|959|0|0|0|30629|720|1280
1|0|-1|0|0|0|30630|720|1280
0|324|1075|0|0|0|30670|720|1280
1|0|-1|0|0|0|30671|720|1280
0|69|1231|0|0|0|30858|720|1280
1|0|-1|0|0|0|30859|720|1280
0|367|701|0|0|0|30912|720|1280
1|0|-1|0|0|0|30912|720|1280
0|560|700|0|0|0|30957|720|1280
1|0|-1|0|0|0|30957|720|1280
0|201|959|0|0|0|31004|720|1280
1|0|-1|0|0|0|31004|720|1280
0|324|1075|0|0|0|31052|720|1280
1|0|-1|0|0|0|31053|720|1280
0|69|1231|0|0|0|31238|720|1280
1|0|-1|0|0|0|31238|720|1280
0|367|701|0|0|0|31281|720|1280
1|0|-1|0|0|0|31281|720|1280
0|560|700|0|0|0|31332|720|1280
1|0|-1|0|0|0|31332|720|1280
0|201|959|0|0|0|31379|720|1280
1|0|-1|0|0|0|31379|720|1280
0|324|1075|0|0|0|31421|720|1280
1|0|-1|0|0|0|31421|720|1280
0|69|1231|0|0|0|31613|720|1280
1|0|-1|0|0|0|31614|720|1280
0|367|701|0|0|0|31659|720|1280
1|0|-1|0|0|0|31659|720|1280
0|560|700|0|0|0|31709|720|1280
1|0|-1|0|0|0|31709|720|1280
0|201|959|0|0|0|31752|720|1280
1|0|-1|0|0|0|31752|720|1280
0|324|1075|0|0|0|31803|720|1280
1|0|-1|0|0|0|31803|720|1280
0|69|1231|0|0|0|31988|720|1280
1|0|-1|0|0|0|31988|720|1280
0|367|701|0|0|0|32032|720|1280
1|0|-1|0|0|0|32032|720|1280
0|560|700|0|0|0|32077|720|1280
1|0|-1|0|0|0|32077|720|1280
0|201|959|0|0|0|32129|720|1280
1|0|-1|0|0|0|32129|720|1280
0|324|1075|0|0|0|32179|720|1280
1|0|-1|0|0|0|32179|720|1280
0|69|1231|0|0|0|32359|720|1280
1|0|-1|0|0|0|32359|720|1280
0|367|701|0|0|0|32406|720|1280
1|0|-1|0|0|0|32406|720|1280
0|560|700|0|0|0|32452|720|1280
1|0|-1|0|0|0|32452|720|1280
0|201|959|0|0|0|32504|720|1280
1|0|-1|0|0|0|32504|720|1280
0|324|1075|0|0|0|32546|720|1280
1|0|-1|0|0|0|32546|720|1280
0|69|1231|0|0|0|32736|720|1280
1|0|-1|0|0|0|32736|720|1280
0|367|701|0|0|0|32785|720|1280
1|0|-1|0|0|0|32786|720|1280
0|560|700|0|0|0|32828|720|1280
1|0|-1|0|0|0|32828|720|1280
0|201|959|0|0|0|32876|720|1280
1|0|-1|0|0|0|32876|720|1280
0|324|1075|0|0|0|32922|720|1280
1|0|-1|0|0|0|32923|720|1280
0|69|1231|0|0|0|33113|720|1280
1|0|-1|0|0|0|33113|720|1280
0|367|701|0|0|0|33155|720|1280
1|0|-1|0|0|0|33155|720|1280
0|560|700|0|0|0|33206|720|1280
1|0|-1|0|0|0|33206|720|1280
0|201|959|0|0|0|33257|720|1280
1|0|-1|0|0|0|33257|720|1280
0|324|1075|0|0|0|33299|720|1280
1|0|-1|0|0|0|33299|720|1280
0|69|1231|0|0|0|33484|720|1280
1|0|-1|0|0|0|33484|720|1280
0|367|701|0|0|0|33530|720|1280
1|0|-1|0|0|0|33530|720|1280
0|560|700|0|0|0|33576|720|1280
1|0|-1|0|0|0|33576|720|1280
0|201|959|0|0|0|33626|720|1280
1|0|-1|0|0|0|33626|720|1280
0|324|1075|0|0|0|33675|720|1280
1|0|-1|0|0|0|33675|720|1280
0|69|1231|0|0|0|33864|720|1280
1|0|-1|0|0|0|33865|720|1280
0|367|701|0|0|0|33906|720|1280
1|0|-1|0|0|0|33907|720|1280
0|560|700|0|0|0|33952|720|1280
1|0|-1|0|0|0|33952|720|1280
0|201|959|0|0|0|34008|720|1280
1|0|-1|0|0|0|34008|720|1280
0|324|1075|0|0|0|34047|720|1280
1|0|-1|0|0|0|34047|720|1280
0|69|1231|0|0|0|34238|720|1280
1|0|-1|0|0|0|34238|720|1280
0|367|701|0|0|0|34285|720|1280
1|0|-1|0|0|0|34285|720|1280
0|560|700|0|0|0|34334|720|1280
1|0|-1|0|0|0|34334|720|1280
0|201|959|0|0|0|34374|720|1280
1|0|-1|0|0|0|34374|720|1280
0|324|1075|0|0|0|34425|720|1280
1|0|-1|0|0|0|34426|720|1280
0|69|1231|0|0|0|34610|720|1280
1|0|-1|0|0|0|34610|720|1280
0|367|701|0|0|0|34655|720|1280
1|0|-1|0|0|0|34656|720|1280
0|560|700|0|0|0|34706|720|1280
1|0|-1|0|0|0|34706|720|1280
0|201|959|0|0|0|34758|720|1280
1|0|-1|0|0|0|34758|720|1280
0|324|1075|0|0|0|34799|720|1280
1|0|-1|0|0|0|34799|720|1280
0|69|1231|0|0|0|34984|720|1280
1|0|-1|0|0|0|34985|720|1280
0|367|701|0|0|0|35030|720|1280
1|0|-1|0|0|0|35030|720|1280
0|560|700|0|0|0|35084|720|1280
1|0|-1|0|0|0|35084|720|1280
0|201|959|0|0|0|35125|720|1280
1|0|-1|0|0|0|35125|720|1280
0|324|1075|0|0|0|35176|720|1280
1|0|-1|0|0|0|35176|720|1280
0|69|1231|0|0|0|35363|720|1280
1|0|-1|0|0|0|35363|720|1280
0|367|701|0|0|0|35410|720|1280
1|0|-1|0|0|0|35410|720|1280
0|560|700|0|0|0|35456|720|1280
1|0|-1|0|0|0|35456|720|1280
0|201|959|0|0|0|35504|720|1280
1|0|-1|0|0|0|35504|720|1280
0|324|1075|0|0|0|35552|720|1280
1|0|-1|0|0|0|35553|720|1280
0|69|1231|0|0|0|35735|720|1280
1|0|-1|0|0|0|35735|720|1280
0|367|701|0|0|0|35785|720|1280
1|0|-1|0|0|0|35786|720|1280
0|560|700|0|0|0|35831|720|1280
1|0|-1|0|0|0|35831|720|1280
0|201|959|0|0|0|35881|720|1280
1|0|-1|0|0|0|35882|720|1280
0|324|1075|0|0|0|35920|720|1280
1|0|-1|0|0|0|35921|720|1280
0|69|1231|0|0|0|36114|720|1280
1|0|-1|0|0|0|36114|720|1280
0|367|701|0|0|0|36162|720|1280
1|0|-1|0|0|0|36162|720|1280
0|560|700|0|0|0|36202|720|1280
1|0|-1|0|0|0|36202|720|1280
0|201|959|0|0|0|36253|720|1280
1|0|-1|0|0|0|36253|720|1280
0|324|1075|0|0|0|36301|720|1280
1|0|-1|0|0|0|36301|720|1280
0|69|1231|0|0|0|36487|720|1280
1|0|-1|0|0|0|36487|720|1280
0|367|701|0|0|0|36536|720|1280
1|0|-1|0|0|0|36536|720|1280
0|560|700|0|0|0|36578|720|1280
1|0|-1|0|0|0|36578|720|1280
0|201|959|0|0|0|36625|720|1280
1|0|-1|0|0|0|36625|720|1280
0|324|1075|0|0|0|36672|720|1280
1|0|-1|0|0|0|36672|720|1280
0|69|1231|0|0|0|36860|720|1280
1|0|-1|0|0|0|36860|720|1280
0|367|701|0|0|0|36911|720|1280
1|0|-1|0|0|0|36911|720|1280
0|560|700|0|0|0|36959|720|1280
1|0|-1|0|0|0|36959|720|1280
0|201|959|0|0|0|37004|720|1280
1|0|-1|0|0|0|37004|720|1280
0|324|1075|0|0|0|37046|720|1280
1|0|-1|0|0|0|37046|720|1280
0|69|1231|0|0|0|37238|720|1280
1|0|-1|0|0|0|37238|720|1280
0|367|701|0|0|0|37289|720|1280
1|0|-1|0|0|0|37289|720|1280
0|560|700|0|0|0|37328|720|1280
1|0|-1|0|0|0|37328|720|1280
0|201|959|0|0|0|37375|720|1280
1|0|-1|0|0|0|37376|720|1280
0|324|1075|0|0|0|37423|720|1280
1|0|-1|0|0|0|37423|720|1280
0|69|1231|0|0|0|37611|720|1280
1|0|-1|0|0|0|37612|720|1280
0|367|701|0|0|0|37663|720|1280
1|0|-1|0|0|0|37663|720|1280
0|560|700|0|0|0|37706|720|1280
1|0|-1|0|0|0|37707|720|1280
0|201|959|0|0|0|37758|720|1280
1|0|-1|0|0|0|37758|720|1280
0|324|1075|0|0|0|37797|720|1280
1|0|-1|0|0|0|37797|720|1280
0|69|1231|0|0|0|37991|720|1280
1|0|-1|0|0|0|37992|720|1280
0|367|701|0|0|0|38036|720|1280
1|0|-1|0|0|0|38037|720|1280
0|560|700|0|0|0|38081|720|1280
1|0|-1|0|0|0|38082|720|1280
0|201|959|0|0|0|38123|720|1280
1|0|-1|0|0|0|38123|720|1280
0|324|1075|0|0|0|38179|720|1280
1|0|-1|0|0|0|38179|720|1280
0|69|1231|0|0|0|38364|720|1280
1|0|-1|0|0|0|38364|720|1280
0|367|701|0|0|0|38411|720|1280
1|0|-1|0|0|0|38411|720|1280
0|560|700|0|0|0|38451|720|1280
1|0|-1|0|0|0|38452|720|1280
0|201|959|0|0|0|38498|720|1280
1|0|-1|0|0|0|38499|720|1280
0|324|1075|0|0|0|38547|720|1280
1|0|-1|0|0|0|38548|720|1280
0|69|1231|0|0|0|38734|720|1280
1|0|-1|0|0|0|38734|720|1280
0|367|701|0|0|0|38787|720|1280
1|0|-1|0|0|0|38787|720|1280
0|560|700|0|0|0|38830|720|1280
1|0|-1|0|0|0|38830|720|1280
0|201|959|0|0|0|38878|720|1280
1|0|-1|0|0|0|38878|720|1280
0|324|1075|0|0|0|38930|720|1280
1|0|-1|0|0|0|38930|720|1280
0|69|1231|0|0|0|39116|720|1280
1|0|-1|0|0|0|39117|720|1280
0|367|701|0|0|0|39157|720|1280
1|0|-1|0|0|0|39157|720|1280
0|560|700|0|0|0|39204|720|1280
1|0|-1|0|0|0|39205|720|1280
0|201|959|0|0|0|39252|720|1280
1|0|-1|0|0|0|39252|720|1280
0|324|1075|0|0|0|39298|720|1280
1|0|-1|0|0|0|39298|720|1280
0|69|1231|0|0|0|39483|720|1280
1|0|-1|0|0|0|39483|720|1280
0|367|701|0|0|0|39530|720|1280
1|0|-1|0|0|0|39530|720|1280
0|560|700|0|0|0|39578|720|1280
1|0|-1|0|0|0|39578|720|1280
0|201|959|0|0|0|39629|720|1280
1|0|-1|0|0|0|39629|720|1280
0|324|1075|0|0|0|39671|720|1280
1|0|-1|0|0|0|39671|720|1280
0|69|1231|0|0|0|39858|720|1280
1|0|-1|0|0|0|39859|720|1280
0|367|701|0|0|0|39904|720|1280
1|0|-1|0|0|0|39905|720|1280
0|560|700|0|0|0|39953|720|1280
1|0|-1|0|0|0|39953|720|1280
0|201|959|0|0|0|40002|720|1280
1|0|-1|0|0|0|40003|720|1280
0|324|1075|0|0|0|40046|720|1280
1|0|-1|0|0|0|40046|720|1280
0|69|1231|0|0|0|40240|720|1280
1|0|-1|0|0|0|40241|720|1280
0|367|701|0|0|0|40286|720|1280
1|0|-1|0|0|0|40286|720|1280
0|560|700|0|0|0|40330|720|1280
1|0|-1|0|0|0|40330|720|1280
0|201|959|0|0|0|40376|720|1280
1|0|-1|0|0|0|40376|720|1280
0|324|1075|0|0|0|40423|720|1280
1|0|-1|0|0|0|40424|720|1280
0|69|1231|0|0|0|40617|720|1280
1|0|-1|0|0|0|40618|720|1280
0|367|701|0|0|0|40661|720|1280
1|0|-1|0|0|0|40661|720|1280
0|560|700|0|0|0|40702|720|1280
1|0|-1|0|0|0|40702|720|1280
0|201|959|0|0|0|40753|720|1280
1|0|-1|0|0|0|40753|720|1280
0|324|1075|0|0|0|40802|720|1280
1|0|-1|0|0|0|40802|720|1280
0|69|1231|0|0|0|40983|720|1280
1|0|-1|0|0|0|40983|720|1280
0|367|701|0|0|0|41035|720|1280
1|0|-1|0|0|0|41035|720|1280
0|560|700|0|0|0|41085|720|1280
1|0|-1|0|0|0|41085|720|1280
0|201|959|0|0|0|41123|720|1280
1|0|-1|0|0|0|41124|720|1280
0|324|1075|0|0|0|41174|720|1280
1|0|-1|0|0|0|41174|720|1280
0|69|1231|0|0|0|41360|720|1280
1|0|-1|0|0|0|41360|720|1280
0|367|701|0|0|0|41412|720|1280
1|0|-1|0|0|0|41412|720|1280
0|560|700|0|0|0|41454|720|1280
1|0|-1|0|0|0|41454|720|1280
0|201|959|0|0|0|41505|720|1280
1|0|-1|0|0|0|41506|720|1280
0|324|1075|0|0|0|41552|720|1280
1|0|-1|0|0|0|41552|720|1280
0|69|1231|0|0|0|41734|720|1280
1|0|-1|0|0|0|41734|720|1280
0|367|701|0|0|0|41782|720|1280
1|0|-1|0|0|0|41782|720|1280
0|560|700|0|0|0|41833|720|1280
1|0|-1|0|0|0|41834|720|1280
0|201|959|0|0|0|41881|720|1280
1|0|-1|0|0|0|41881|720|1280
0|324|1075|0|0|0|41926|720|1280
1|0|-1|0|0|0|41926|720|1280
0|69|1231|0|0|0|42112|720|1280
1|0|-1|0|0|0|42112|720|1280
0|367|701|0|0|0|42157|720|1280
1|0|-1|0|0|0|42157|720|1280
0|560|700|0|0|0|42205|720|1280
1|0|-1|0|0|0|42206|720|1280
0|201|959|0|0|0|42257|720|1280
1|0|-1|0|0|0|42257|720|1280
0|324|1075|0|0|0|42301|720|1280
1|0|-1|0|0|0|42302|720|1280
0|69|1231|0|0|0|42487|720|1280
1|0|-1|0|0|0|42487|720|1280
0|367|701|0|0|0|42533|720|1280
1|0|-1|0|0|0|42533|720|1280
0|560|700|0|0|0|42580|720|1280
1|0|-1|0|0|0|42580|720|1280
0|201|959|0|0|0|42628|720|1280
1|0|-1|0|0|0|42628|720|1280
0|324|1075|0|0|0|42675|720|1280
1|0|-1|0|0|0|42675|720|1280
0|69|1231|0|0|0|42864|720|1280
1|0|-1|0|0|0|42865|720|1280
0|367|701|0|0|0|42906|720|1280
1|0|-1|0|0|0|42906|720|1280
0|560|700|0|0|0|42959|720|1280
1|0|-1|0|0|0|42959|720|1280
0|201|959|0|0|0|42998|720|1280
1|0|-1|0|0|0|42999|720|1280
0|324|1075|0|0|0|43050|720|1280
1|0|-1|0|0|0|43050|720|1280
0|69|1231|0|0|0|43236|720|1280
1|0|-1|0|0|0|43236|720|1280
0|367|701|0|0|0|43286|720|1280
1|0|-1|0|0|0|43286|720|1280
0|560|700|0|0|0|43332|720|1280
1|0|-1|0|0|0|43332|720|1280
0|201|959|0|0|0|43373|720|1280
1|0|-1|0|0|0|43373|720|1280
0|324|1075|0|0|0|43420|720|1280
1|0|-1|0|0|0|43421|720|1280
0|69|1231|0|0|0|43611|720|1280
1|0|-1|0|0|0|43611|720|1280
0|367|701|0|0|0|43658|720|1280
1|0|-1|0|0|0|43659|720|1280
0|560|700|0|0|0|43702|720|1280
1|0|-1|0|0|0|43703|720|1280
0|201|959|0|0|0|43753|720|1280
1|0|-1|0|0|0|43753|720|1280
0|324|1075|0|0|0|43801|720|1280
1|0|-1|0|0|0|43802|720|1280
0|69|1231|0|0|0|43990|720|1280
1|0|-1|0|0|0|43990|720|1280
0|367|701|0|0|0|44035|720|1280
1|0|-1|0|0|0|44036|720|1280
0|560|700|0|0|0|44076|720|1280
1|0|-1|0|0|0|44076|720|1280
0|201|959|0|0|0|44123|720|1280
1|0|-1|0|0|0|44123|720|1280
0|324|1075|0|0|0|44172|720|1280
1|0|-1|0|0|0|44172|720|1280
0|69|1231|0|0|0|44364|720|1280
1|0|-1|0|0|0|44365|720|1280
0|367|701|0|0|0|44409|720|1280
1|0|-1|0|0|0|44410|720|1280
0|560|700|0|0|0|44461|720|1280
1|0|-1|0|0|0|44461|720|1280
0|201|959|0|0|0|44505|720|1280
1|0|-1|0|0|0|44505|720|1280
0|324|1075|0|0|0|44546|720|1280
1|0|-1|0|0|0|44546|720|1280
0|69|1231|0|0|0|44734|720|1280
1|0|-1|0|0|0|44734|720|1280
0|367|701|0|0|0|44784|720|1280
1|0|-1|0|0|0|44785|720|1280
0|560|700|0|0|0|44829|720|1280
1|0|-1|0|0|0|44829|720|1280
0|201|959|0|0|0|44876|720|1280
1|0|-1|0|0|0|44877|720|1280
0|324|1075|0|0|0|44920|720|1280
1|0|-1|0|0|0|44920|720|1280
0|69|1231|0|0|0|45111|720|1280
1|0|-1|0|0|0|45111|720|1280
0|367|701|0|0|0|45162|720|1280
1|0|-1|0|0|0|45162|720|1280
0|560|700|0|0|0|45203|720|1280
1|0|-1|0|0|0|45203|720|1280
0|201|959|0|0|0|45249|720|1280
1|0|-1|0|0|0|45249|720|1280
0|324|1075|0|0|0|45297|720|1280
1|0|-1|0|0|0|45297|720|1280
0|69|1231|0|0|0|45492|720|1280
1|0|-1|0|0|0|45492|720|1280
0|367|701|0|0|0|45536|720|1280
1|0|-1|0|0|0|45536|720|1280
0|560|700|0|0|0|45578|720|1280
1|0|-1|0|0|0|45579|720|1280
0|201|959|0|0|0|45630|720|1280
1|0|-1|0|0|0|45630|720|1280
0|324|1075|0|0|0|45675|720|1280
1|0|-1|0|0|0|45675|720|1280
0|69|1231|0|0|0|45868|720|1280
1|0|-1|0|0|0|45868|720|1280
0|367|701|0|0|0|45913|720|1280
1|0|-1|0|0|0|45914|720|1280
0|560|700|0|0|0|45954|720|1280
1|0|-1|0|0|0|45954|720|1280
0|201|959|0|0|0|45998|720|1280
1|0|-1|0|0|0|45999|720|1280
0|324|1075|0|0|0|46051|720|1280
1|0|-1|0|0|0|46051|720|1280
0|69|1231|0|0|0|46233|720|1280
1|0|-1|0|0|0|46233|720|1280
0|367|701|0|0|0|46286|720|1280
1|0|-1|0|0|0|46286|720|1280
0|560|700|0|0|0|46330|720|1280
1|0|-1|0|0|0|46330|720|1280
0|201|959|0|0|0|46374|720|1280
1|0|-1|0|0|0|46374|720|1280
0|324|1075|0|0|0|46425|720|1280
1|0|-1|0|0|0|46425|720|1280
0|69|1231|0|0|0|46607|720|1280
1|0|-1|0|0|0|46607|720|1280
0|367|701|0|0|0|46662|720|1280
1|0|-1|0|0|0|46662|720|1280
0|560|700|0|0|0|46701|720|1280
1|0|-1|0|0|0|46702|720|1280
0|201|959|0|0|0|46754|720|1280
1|0|-1|0|0|0|46755|720|1280
0|324|1075|0|0|0|46804|720|1280
1|0|-1|0|0|0|46804|720|1280
0|69|1231|0|0|0|46988|720|1280
1|0|-1|0|0|0|46988|720|1280
0|367|701|0|0|0|47039|720|1280
1|0|-1|0|0|0|47039|720|1280
0|560|700|0|0|0|47085|720|1280
1|0|-1|0|0|0|47085|720|1280
0|201|959|0|0|0|47123|720|1280
1|0|-1|0|0|0|47123|720|1280
0|324|1075|0|0|0|47170|720|1280
1|0|-1|0|0|0|47170|720|1280
0|69|1231|0|0|0|47363|720|1280
1|0|-1|0|0|0|47364|720|1280
0|367|701|0|0|0|47407|720|1280
1|0|-1|0|0|0|47407|720|1280
0|560|700|0|0|0|47458|720|1280
1|0|-1|0|0|0|47458|720|1280
0|201|959|0|0|0|47499|720|1280
1|0|-1|0|0|0|47499|720|1280
0|324|1075|0|0|0|47550|720|1280
1|0|-1|0|0|0|47551|720|1280
0|69|1231|0|0|0|47742|720|1280
1|0|-1|0|0|0|47743|720|1280
0|367|701|0|0|0|47779|720|1280
1|0|-1|0|0|0|47779|720|1280
0|560|700|0|0|0|47830|720|1280
1|0|-1|0|0|0|47830|720|1280
0|201|959|0|0|0|47876|720|1280
1|0|-1|0|0|0|47876|720|1280
0|324|1075|0|0|0|47920|720|1280
1|0|-1|0|0|0|47921|720|1280
0|69|1231|0|0|0|48109|720|1280
1|0|-1|0|0|0|48109|720|1280
0|367|701|0|0|0|48159|720|1280
1|0|-1|0|0|0|48159|720|1280
0|560|700|0|0|0|48203|720|1280
1|0|-1|0|0|0|48203|720|1280
0|201|959|0|0|0|48257|720|1280
1|0|-1|0|0|0|48257|720|1280
0|324|1075|0|0|0|48298|720|1280
1|0|-1|0|0|0|48298|720|1280
0|69|1231|0|0|0|48483|720|1280
1|0|-1|0|0|0|48483|720|1280
0|367|701|0|0|0|48531|720|1280
1|0|-1|0|0|0|48532|720|1280
0|560|700|0|0|0|48579|720|1280
1|0|-1|0|0|0|48579|720|1280
0|201|959|0|0|0|48624|720|1280
1|0|-1|0|0|0|48624|720|1280
0|324|1075|0|0|0|48677|720|1280
1|0|-1|0|0|0|48677|720|1280
0|69|1231|0|0|0|48858|720|1280
1|0|-1|0|0|0|48858|720|1280
0|367|701|0|0|0|48913|720|1280
1|0|-1|0|0|0|48914|720|1280
0|560|700|0|0|0|48957|720|1280
1|0|-1|0|0|0|48957|720|1280
0|201|959|0|0|0|48999|720|1280
1|0|-1|0|0|0|48999|720|1280
0|324|1075|0|0|0|49046|720|1280
1|0|-1|0|0|0|49046|720|1280
0|69|1231|0|0|0|49234|720|1280
1|0|-1|0|0|0|49234|720|1280
0|367|701|0|0|0|49279|720|1280
1|0|-1|0|0|0|49280|720|1280
0|560|700|0|0|0|49328|720|1280
1|0|-1|0|0|0|49328|720|1280
0|201|959|0|0|0|49379|720|1280
1|0|-1|0|0|0|49380|720|1280
0|324|1075|0|0|0|49428|720|1280
1|0|-1|0|0|0|49428|720|1280
0|69|1231|0|0|0|49609|720|1280
1|0|-1|0|0|0|49609|720|1280
0|367|701|0|0|0|49656|720|1280
1|0|-1|0|0|0|49657|720|1280
0|560|700|0|0|0|49703|720|1280
1|0|-1|0|0|0|49703|720|1280
0|201|959|0|0|0|49753|720|1280
1|0|-1|0|0|0|49753|720|1280
0|324|1075|0|0|0|49800|720|1280
1|0|-1|0|0|0|49801|720|1280
0|69|1231|0|0|0|49984|720|1280
1|0|-1|0|0|0|49984|720|1280
0|367|701|0|0|0|50030|720|1280
1|0|-1|0|0|0|50030|720|1280
0|560|700|0|0|0|50078|720|1280
1|0|-1|0|0|0|50078|720|1280
0|201|959|0|0|0|50124|720|1280
1|0|-1|0|0|0|50124|720|1280
0|324|1075|0|0|0|50179|720|1280
1|0|-1|0|0|0|50180|720|1280
0|69|1231|0|0|0|50359|720|1280
1|0|-1|0|0|0|50360|720|1280
0|367|701|0|0|0|50411|720|1280
1|0|-1|0|0|0|50411|720|1280
0|560|700|0|0|0|50452|720|1280
1|0|-1|0|0|0|50453|720|1280
0|201|959|0|0|0|50500|720|1280
1|0|-1|0|0|0|50501|720|1280
0|324|1075|0|0|0|50551|720|1280
1|0|-1|0|0|0|50551|720|1280
0|69|1231|0|0|0|50732|720|1280
1|0|-1|0|0|0|50733|720|1280
0|367|701|0|0|0|50786|720|1280
1|0|-1|0|0|0|50786|720|1280
0|560|700|0|0|0|50835|720|1280
1|0|-1|0|0|0|50835|720|1280
0|201|959|0|0|0|50876|720|1280
1|0|-1|0|0|0|50876|720|1280
0|324|1075|0|0|0|50930|720|1280
1|0|-1|0|0|0|50930|720|1280
0|69|1231|0|0|0|51113|720|1280
1|0|-1|0|0|0|51113|720|1280
0|367|701|0|0|0|51158|720|1280
1|0|-1|0|0|0|51158|720|1280
0|560|700|0|0|0|51203|720|1280
1|0|-1|0|0|0|51204|720|1280
0|201|959|0|0|0|51252|720|1280
1|0|-1|0|0|0|51252|720|1280
0|324|1075|0|0|0|51300|720|1280
1|0|-1|0|0|0|51300|720|1280
0|69|1231|0|0|0|51489|720|1280
1|0|-1|0|0|0|51489|720|1280
0|367|701|0|0|0|51537|720|1280
1|0|-1|0|0|0|51537|720|1280
0|560|700|0|0|0|51585|720|1280
1|0|-1|0|0|0|51586|720|1280
0|201|959|0|0|0|51629|720|1280
1|0|-1|0|0|0|51629|720|1280
0|324|1075|0|0|0|51676|720|1280
1|0|-1|0|0|0|51677|720|1280
0|69|1231|0|0|0|51866|720|1280
1|0|-1|0|0|0|51867|720|1280
0|367|701|0|0|0|51909|720|1280
1|0|-1|0|0|0|51909|720|1280
0|560|700|0|0|0|51960|720|1280
1|0|-1|0|0|0|51960|720|1280
0|201|959|0|0|0|52006|720|1280
1|0|-1|0|0|0|52006|720|1280
0|324|1075|0|0|0|52050|720|1280
1|0|-1|0|0|0|52050|720|1280
0|69|1231|0|0|0|52235|720|1280
1|0|-1|0|0|0|52235|720|1280
0|367|701|0|0|0|52284|720|1280
1|0|-1|0|0|0|52284|720|1280
0|560|700|0|0|0|52334|720|1280
1|0|-1|0|0|0|52334|720|1280
0|201|959|0|0|0|52376|720|1280
1|0|-1|0|0|0|52376|720|1280
0|324|1075|0|0|0|52427|720|1280
1|0|-1|0|0|0|52427|720|1280
0|69|1231|0|0|0|52614|720|1280
1|0|-1|0|0|0|52614|720|1280
0|367|701|0|0|0|52655|720|1280
1|0|-1|0|0|0|52655|720|1280
0|560|700|0|0|0|52711|720|1280
1|0|-1|0|0|0|52711|720|1280
0|201|959|0|0|0|52748|720|1280
1|0|-1|0|0|0|52749|720|1280
0|324|1075|0|0|0|52796|720|1280
1|0|-1|0|0|0|52796|720|1280
0|69|1231|0|0|0|52990|720|1280
1|0|-1|0|0|0|52991|720|1280
0|367|701|0|0|0|53029|720|1280
1|0|-1|0|0|0|53029|720|1280
0|560|700|0|0|0|53081|720|1280
1|0|-1|0|0|0|53081|720|1280
0|201|959|0|0|0|53131|720|1280
1|0|-1|0|0|0|53131|720|1280
0|324|1075|0|0|0|53176|720|1280
1|0|-1|0|0|0|53176|720|1280
0|69|1231|0|0|0|53364|720|1280
1|0|-1|0|0|0|53364|720|1280
0|367|701|0|0|0|53414|720|1280
1|0|-1|0|0|0|53414|720|1280
0|560|700|0|0|0|53453|720|1280
1|0|-1|0|0|0|53454|720|1280
0|201|959|0|0|0|53501|720|1280
1|0|-1|0|0|0|53501|720|1280
0|324|1075|0|0|0|53545|720|1280
1|0|-1|0|0|0|53546|720|1280
0|69|1231|0|0|0|53739|720|1280
1|0|-1|0|0|0|53739|720|1280
0|367|701|0|0|0|53784|720|1280
1|0|-1|0|0|0|53784|720|1280
0|560|700|0|0|0|53830|720|1280
1|0|-1|0|0|0|53830|720|1280
0|201|959|0|0|0|53883|720|1280
1|0|-1|0|0|0|53884|720|1280
0|324|1075|0|0|0|53925|720|1280
1|0|-1|0|0|0|53925|720|1280
0|69|1231|0|0|0|54114|720|1280
1|0|-1|0|0|0|54114|720|1280
0|367|701|0|0|0|54155|720|1280
1|0|-1|0|0|0|54155|720|1280
0|560|700|0|0|0|54209|720|1280
1|0|-1|0|0|0|54209|720|1280
0|201|959|0|0|0|54249|720|1280
1|0|-1|0|0|0|54249|720|1280
0|324|1075|0|0|0|54300|720|1280
1|0|-1|0|0|0|54301|720|1280
0|69|1231|0|0|0|54488|720|1280
1|0|-1|0|0|0|54489|720|1280
0|367|701|0|0|0|54538|720|1280
1|0|-1|0|0|0|54538|720|1280
0|560|700|0|0|0|54583|720|1280
1|0|-1|0|0|0|54584|720|1280
0|201|959|0|0|0|54625|720|1280
1|0|-1|0|0|0|54625|720|1280
0|324|1075|0|0|0|54671|720|1280
1|0|-1|0|0|0|54671|720|1280
0|69|1231|0|0|0|54863|720|1280
1|0|-1|0|0|0|54863|720|1280
0|367|701|0|0|0|54910|720|1280
1|0|-1|0|0|0|54910|720|1280
0|560|700|0|0|0|54958|720|1280
1|0|-1|0|0|0|54959|720|1280
0|201|959|0|0|0|55000|720|1280
1|0|-1|0|0|0|55000|720|1280
0|324|1075|0|0|0|55045|720|1280
1|0|-1|0|0|0|55045|720|1280
0|69|1231|0|0|0|55242|720|1280
1|0|-1|0|0|0|55242|720|1280
0|367|701|0|0|0|55288|720|1280
1|0|-1|0|0|0|55288|720|1280
0|560|700|0|0|0|55329|720|1280
1|0|-1|0|0|0|55329|720|1280
0|201|959|0|0|0|55379|720|1280
1|0|-1|0|0|0|55379|720|1280
0|324|1075|0|0|0|55423|720|1280
1|0|-1|0|0|0|55424|720|1280
0|69|1231|0|0|0|55610|720|1280
1|0|-1|0|0|0|55610|720|1280
0|367|701|0|0|0|55656|720|1280
1|0|-1|0|0|0|55656|720|1280
0|560|700|0|0|0|55707|720|1280
1|0|-1|0|0|0|55707|720|1280
0|201|959|0|0|0|55755|720|1280
1|0|-1|0|0|0|55755|720|1280
0|324|1075|0|0|0|55796|720|1280
1|0|-1|0|0|0|55796|720|1280
0|69|1231|0|0|0|55990|720|1280
1|0|-1|0|0|0|55990|720|1280
0|367|701|0|0|0|56031|720|1280
1|0|-1|0|0|0|56031|720|1280
0|560|700|0|0|0|56077|720|1280
1|0|-1|0|0|0|56077|720|1280
0|201|959|0|0|0|56124|720|1280
1|0|-1|0|0|0|56124|720|1280
0|324|1075|0|0|0|56173|720|1280
1|0|-1|0|0|0|56173|720|1280
0|69|1231|0|0|0|56359|720|1280
1|0|-1|0|0|0|56360|720|1280
0|367|701|0|0|0|56410|720|1280
1|0|-1|0|0|0|56410|720|1280
0|560|700|0|0|0|56461|720|1280
1|0|-1|0|0|0|56461|720|1280
0|201|959|0|0|0|56505|720|1280
1|0|-1|0|0|0|56505|720|1280
0|324|1075|0|0|0|56553|720|1280
1|0|-1|0|0|0|56553|720|1280
0|69|1231|0|0|0|56739|720|1280
1|0|-1|0|0|0|56739|720|1280
0|367|701|0|0|0|56781|720|1280
1|0|-1|0|0|0|56781|720|1280
0|560|700|0|0|0|56828|720|1280
1|0|-1|0|0|0|56828|720|1280
0|201|959|0|0|0|56879|720|1280
1|0|-1|0|0|0|56879|720|1280
0|324|1075|0|0|0|56925|720|1280
1|0|-1|0|0|0|56925|720|1280
0|69|1231|0|0|0|57112|720|1280
1|0|-1|0|0|0|57112|720|1280
0|367|701|0|0|0|57155|720|1280
1|0|-1|0|0|0|57155|720|1280
0|560|700|0|0|0|57206|720|1280
1|0|-1|0|0|0|57206|720|1280
0|201|959|0|0|0|57256|720|1280
1|0|-1|0|0|0|57256|720|1280
0|324|1075|0|0|0|57297|720|1280
1|0|-1|0|0|0|57297|720|1280
0|69|1231|0|0|0|57488|720|1280
1|0|-1|0|0|0|57488|720|1280
0|367|701|0|0|0|57536|720|1280
1|0|-1|0|0|0|57537|720|1280
0|560|700|0|0|0|57584|720|1280
1|0|-1|0|0|0|57585|720|1280
0|201|959|0|0|0|57624|720|1280
1|0|-1|0|0|0|57624|720|1280
0|324|1075|0|0|0|57675|720|1280
1|0|-1|0|0|0|57676|720|1280
0|69|1231|0|0|0|57866|720|1280
1|0|-1|0|0|0|57867|720|1280
0|367|701|0|0|0|57906|720|1280
1|0|-1|0|0|0|57906|720|1280
0|560|700|0|0|0|57954|720|1280
1|0|-1|0|0|0|57954|720|1280
0|201|959|0|0|0|58002|720|1280
1|0|-1|0|0|0|58002|720|1280
0|324|1075|0|0|0|58050|720|1280
1|0|-1|0|0|0|58050|720|1280
0|69|1231|0|0|0|58234|720|1280
1|0|-1|0|0|0|58234|720|1280
0|367|701|0|0|0|58288|720|1280
1|0|-1|0|0|0|58288|720|1280
0|560|700|0|0|0|58333|720|1280
1|0|-1|0|0|0|58333|720|1280
0|201|959|0|0|0|58379|720|1280
1|0|-1|0|0|0|58379|720|1280
0|324|1075|0|0|0|58427|720|1280
1|0|-1|0|0|0|58427|720|1280
0|69|1231|0|0|0|58608|720|1280
1|0|-1|0|0|0|58608|720|1280
0|367|701|0|0|0|58655|720|1280
1|0|-1|0|0|0|58655|720|1280
0|560|700|0|0|0|58707|720|1280
1|0|-1|0|0|0|58708|720|1280
0|201|959|0|0|0|58748|720|1280
1|0|-1|0|0|0|58748|720|1280
0|324|1075|0|0|0|58804|720|1280
1|0|-1|0|0|0|58804|720|1280
0|69|1231|0|0|0|58987|720|1280
1|0|-1|0|0|0|58987|720|1280
0|367|701|0|0|0|59036|720|1280
1|0|-1|0|0|0|59036|720|1280
0|560|700|0|0|0|59083|720|1280
1|0|-1|0|0|0|59083|720|1280
0|201|959|0|0|0|59128|720|1280
1|0|-1|0|0|0|59128|720|1280
0|324|1075|0|0|0|59176|720|1280
1|0|-1|0|0|0|59176|720|1280
0|69|1231|0|0|0|59361|720|1280
1|0|-1|0|0|0|59362|720|1280
0|367|701|0|0|0|59405|720|1280
1|0|-1|0|0|0|59406|720|1280
0|560|700|0|0|0|59459|720|1280
1|0|-1|0|0|0|59459|720|1280
0|201|959|0|0|0|59505|720|1280
1|0|-1|0|0|0|59505|720|1280
0|324|1075|0|0|0|59546|720|1280
1|0|-1|0|0|0|59546|720|1280
0|69|1231|0|0|0|59739|720|1280
1|0|-1|0|0|0|59739|720|1280
0|367|701|0|0|0|59781|720|1280
1|0|-1|0|0|0|59781|720|1280
0|560|700|0|0|0|59828|720|1280
1|0|-1|0|0|0|59828|720|1280
0|201|959|0|0|0|59875|720|1280
1|0|-1|0|0|0|59876|720|1280
0|324|1075|0|0|0|59927|720|1280
1|0|-1|0|0|0|59927|720|1280
0|69|1231|0|0|0|60109|720|1280
1|0|-1|0|0|0|60109|720|1280
0|182|787|0|0|0|60207|720|1280
1|0|-1|0|0|0|60207|720|1280