0|441|780|0|0|0|68|720|1280
1|441|780|0|0|0|69|720|1280
0|482|742|0|0|0|186|720|1280
1|482|742|0|0|0|187|720|1280
0|349|1093|0|0|0|187|720|1280
1|349|1093|0|0|0|187|720|1280
0|223|789|0|0|0|196|720|1280
1|223|789|0|0|0|197|720|1280
0|330|879|0|0|0|310|720|1280
1|330|879|0|0|0|311|720|1280
0|441|780|0|0|0|336|720|1280
1|441|780|0|0|0|337|720|1280
0|482|742|0|0|0|436|720|1280
1|482|742|0|0|0|437|720|1280
0|349|1093|0|0|0|437|720|1280
1|349|1093|0|0|0|437|720|1280
0|223|789|0|0|0|460|720|1280
1|223|789|0|0|0|461|720|1280
0|330|879|0|0|0|568|720|1280
1|330|879|0|0|0|569|720|1280
0|441|780|0|0|0|583|720|1280
1|441|780|0|0|0|584|720|1280
0|482|742|0|0|0|693|720|1280
1|482|742|0|0|0|694|720|1280
0|349|1093|0|0|0|694|720|1280
1|349|1093|0|0|0|694|720|1280
0|223|789|0|0|0|728|720|1280
1|223|789|0|0|0|729|720|1280
0|330|879|0|0|0|822|720|1280
1|330|879|0|0|0|823|720|1280
0|441|780|0|0|0|854|720|1280
1|441|780|0|0|0|855|720|1280
0|482|742|0|0|0|960|720|1280
1|482|742|0|0|0|960|720|1280
0|349|1093|0|0|0|960|720|1280
1|349|1093|0|0|0|960|720|1280
0|223|789|0|0|0|979|720|1280
1|223|789|0|0|0|980|720|1280
0|330|879|0|0|0|1082|720|1280
1|330|879|0|0|0|1083|720|1280
0|441|780|0|0|0|1122|720|1280
1|441|780|0|0|0|1123|720|1280
0|482|742|0|0|0|1209|720|1280
1|482|742|0|0|0|1210|720|1280
0|349|1093|0|0|0|1210|720|1280
1|349|1093|0|0|0|1210|720|1280
0|223|789|0|0|0|1247|720|1280
1|223|789|0|0|0|1248|720|1280
0|330|879|0|0|0|1352|720|1280
1|330|879|0|0|0|1353|720|1280
0|441|780|0|0|0|1372|720|1280
1|441|780|0|0|0|1373|720|1280
0|482|742|0|0|0|1479|720|1280
1|482|742|0|0|0|1479|720|1280
0|349|1093|0|0|0|1479|720|1280
1|349|1093|0|0|0|1479|720|1280
0|223|789|0|0|0|1509|720|1280
1|223|789|0|0|0|1509|720|1280
0|330|879|0|0|0|1605|720|1280
1|330|879|0|0|0|1605|720|1280
0|441|780|0|0|0|1634|720|1280
1|441|780|0|0|0|1634|720|1280
0|482|742|0|0|0|1747|720|1280
1|482|742|0|0|0|1747|720|1280
0|349|1093|0|0|0|1747|720|1280
1|349|1093|0|0|0|1747|720|1280
0|223|789|0|0|0|1757|720|1280
1|223|789|0|0|0|1757|720|1280
0|330|879|0|0|0|1866|720|1280
1|330|879|0|0|0|1867|720|1280
0|441|780|0|0|0|1894|720|1280
1|441|780|0|0|0|1894|720|1280
0|482|742|0|0|0|1997|720|1280
1|482|742|0|0|0|1997|720|1280
0|349|1093|0|0|0|1997|720|1280
1|349|1093|0|0|0|1997|720|1280
0|223|789|0|0|0|2020|720|1280
1|223|789|0|0|0|2020|720|1280
0|330|879|0|0|0|2137|720|1280
1|330|879|0|0|0|2137|720|1280
0|441|780|0|0|0|2146|720|1280
1|441|780|0|0|0|2146|720|1280
0|482|742|0|0|0|2262|720|1280
1|482|742|0|0|0|2262|720|1280
0|349|1093|0|0|0|2262|720|1280
1|349|1093|0|0|0|2262|720|1280
0|223|789|0|0|0|2288|720|1280
1|223|789|0|0|0|2288|720|1280
0|330|879|0|0|0|2382|720|1280
1|330|879|0|0|0|2382|720|1280
0|441|780|0|0|0|2413|720|1280
1|441|780|0|0|0|2413|720|1280
0|482|742|0|0|0|2520|720|1280
1|482|742|0|0|0|2520|720|1280
0|349|1093|0|0|0|2520|720|1280
1|349|1093|0|0|0|2521|720|1280
0|223|789|0|0|0|2540|720|1280
1|223|789|0|0|0|2540|720|1280
0|330|879|0|0|0|2645|720|1280
1|330|879|0|0|0|2645|720|1280
0|441|780|0|0|0|2675|720|1280
1|441|780|0|0|0|2675|720|1280
0|482|742|0|0|0|2767|720|1280
1|482|742|0|0|0|2767|720|1280
0|349|1093|0|0|0|2767|720|1280
1|349|1093|0|0|0|2767|720|1280
0|223|789|0|0|0|2805|720|1280
1|223|789|0|0|0|2805|720|1280
0|330|879|0|0|0|2914|720|1280
1|330|879|0|0|0|2914|720|1280
0|441|780|0|0|0|2924|720|1280
1|441|780|0|0|0|2924|720|1280
0|482|742|0|0|0|3039|720|1280
1|482|742|0|0|0|3039|720|1280
0|349|1093|0|0|0|3039|720|1280
1|349|1093|0|0|0|3039|720|1280
0|223|789|0|0|0|3069|720|1280
1|223|789|0|0|0|3069|720|1280
0|330|879|0|0|0|3165|720|1280
1|330|879|0|0|0|3165|720|1280
0|441|780|0|0|0|3194|720|1280
1|441|780|0|0|0|3194|720|1280
0|482|742|0|0|0|3299|720|1280
1|482|742|0|0|0|3299|720|1280
0|349|1093|0|0|0|3300|720|1280
1|349|1093|0|0|0|3300|720|1280
0|223|789|0|0|0|3319|720|1280
1|223|789|0|0|0|3319|720|1280
0|330|879|0|0|0|3423|720|1280
1|330|879|0|0|0|3423|720|1280
0|441|780|0|0|0|3455|720|1280
1|441|780|0|0|0|3455|720|1280
0|482|742|0|0|0|3556|720|1280
1|482|742|0|0|0|3556|720|1280
0|349|1093|0|0|0|3556|720|1280
1|349|1093|0|0|0|3556|720|1280
0|223|789|0|0|0|3580|720|1280
1|223|789|0|0|0|3580|720|1280
0|330|879|0|0|0|3692|720|1280
1|330|879|0|0|0|3692|720|1280
0|441|780|0|0|0|3704|720|1280
1|441|780|0|0|0|3704|720|1280
0|482|742|0|0|0|3815|720|1280
1|482|742|0|0|0|3815|720|1280
0|349|1093|0|0|0|3815|720|1280
1|349|1093|0|0|0|3816|720|1280
0|223|789|0|0|0|3850|720|1280
1|223|789|0|0|0|3850|720|1280
0|330|879|0|0|0|3943|720|1280
1|330|879|0|0|0|3943|720|1280
0|441|780|0|0|0|3973|720|1280
1|441|780|0|0|0|3973|720|1280
0|482|742|0|0|0|4078|720|1280
1|482|742|0|0|0|4078|720|1280
0|349|1093|0|0|0|4078|720|1280
1|349|1093|0|0|0|4078|720|1280
0|223|789|0|0|0|4098|720|1280
1|223|789|0|0|0|4098|720|1280
0|330|879|0|0|0|4203|720|1280
1|330|879|0|0|0|4203|720|1280
0|441|780|0|0|0|4243|720|1280
1|441|780|0|0|0|4243|720|1280
0|482|742|0|0|0|4329|720|1280
1|482|742|0|0|0|4329|720|1280
0|349|1093|0|0|0|4329|720|1280
1|349|1093|0|0|0|4329|720|1280
0|223|789|0|0|0|4365|720|1280
1|223|789|0|0|0|4365|720|1280
0|330|879|0|0|0|4474|720|1280
1|330|879|0|0|0|4474|720|1280
0|441|780|0|0|0|4484|720|1280
1|441|780|0|0|0|4484|720|1280
0|482|742|0|0|0|4598|720|1280
1|482|742|0|0|0|4598|720|1280
0|349|1093|0|0|0|4598|720|1280
1|349|1093|0|0|0|4598|720|1280
0|223|789|0|0|0|4628|720|1280
1|223|789|0|0|0|4628|720|1280
0|330|879|0|0|0|4722|720|1280
1|330|879|0|0|0|4722|720|1280
0|441|780|0|0|0|4748|720|1280
1|441|780|0|0|0|4748|720|1280
0|482|742|0|0|0|4866|720|1280
1|482|742|0|0|0|4866|720|1280
0|349|1093|0|0|0|4866|720|1280
1|349|1093|0|0|0|4867|720|1280
0|223|789|0|0|0|4876|720|1280
1|223|789|0|0|0|4876|720|1280
0|330|879|0|0|0|4987|720|1280
1|330|879|0|0|0|4987|720|1280
0|441|780|0|0|0|5015|720|1280
1|441|780|0|0|0|5015|720|1280
0|482|742|0|0|0|5110|720|1280
1|482|742|0|0|0|5111|720|1280
0|349|1093|0|0|0|5111|720|1280
1|349|1093|0|0|0|5111|720|1280
0|223|789|0|0|0|5140|720|1280
1|223|789|0|0|0|5140|720|1280
0|330|879|0|0|0|5251|720|1280
1|330|879|0|0|0|5251|720|1280
0|441|780|0|0|0|5263|720|1280
1|441|780|0|0|0|5263|720|1280
0|482|742|0|0|0|5375|720|1280
1|482|742|0|0|0|5376|720|1280
0|349|1093|0|0|0|5376|720|1280
1|349|1093|0|0|0|5376|720|1280
0|223|789|0|0|0|5410|720|1280
1|223|789|0|0|0|5411|720|1280
0|330|879|0|0|0|5500|720|1280
1|330|879|0|0|0|5501|720|1280
0|441|780|0|0|0|5535|720|1280
1|441|780|0|0|0|5536|720|1280
0|482|742|0|0|0|5638|720|1280
1|482|742|0|0|0|5638|720|1280
0|349|1093|0|0|0|5638|720|1280
1|349|1093|0|0|0|5638|720|1280
0|223|789|0|0|0|5658|720|1280
1|223|789|0|0|0|5658|720|1280
0|330|879|0|0|0|5764|720|1280
1|330|879|0|0|0|5764|720|1280
0|441|780|0|0|0|5794|720|1280
1|441|780|0|0|0|5794|720|1280
0|482|742|0|0|0|5888|720|1280
1|482|742|0|0|0|5888|720|1280
0|349|1093|0|0|0|5888|720|1280
1|349|1093|0|0|0|5888|720|1280
0|223|789|0|0|0|5923|720|1280
1|223|789|0|0|0|5923|720|1280
0|330|879|0|0|0|6033|720|1280
1|330|879|0|0|0|6033|720|1280
0|441|780|0|0|0|6053|720|1280
1|441|780|0|0|0|6053|720|1280
0|482|742|0|0|0|6157|720|1280
1|482|742|0|0|0|6157|720|1280
0|349|1093|0|0|0|6157|720|1280
1|349|1093|0|0|0|6157|720|1280
0|223|789|0|0|0|6193|720|1280
1|223|789|0|0|0|6193|720|1280
0|330|879|0|0|0|6282|720|1280
1|330|879|0|0|0|6282|720|1280
0|441|780|0|0|0|6310|720|1280
1|441|780|0|0|0|6310|720|1280
0|482|742|0|0|0|6426|720|1280
1|482|742|0|0|0|6427|720|1280
0|349|1093|0|0|0|6427|720|1280
1|349|1093|0|0|0|6427|720|1280
0|223|789|0|0|0|6436|720|1280
1|223|789|0|0|0|6437|720|1280
0|330|879|0|0|0|6549|720|1280
1|330|879|0|0|0|6550|720|1280
0|441|780|0|0|0|6574|720|1280
1|441|780|0|0|0|6575|720|1280
0|482|742|0|0|0|6673|720|1280
1|482|742|0|0|0|6674|720|1280
0|349|1093|0|0|0|6674|720|1280
1|349|1093|0|0|0|6674|720|1280
0|223|789|0|0|0|6700|720|1280
1|223|789|0|0|0|6701|720|1280
0|330|879|0|0|0|6816|720|1280
1|330|879|0|0|0|6817|720|1280
0|441|780|0|0|0|6825|720|1280
1|441|780|0|0|0|6826|720|1280
0|482|742|0|0|0|6935|720|1280
1|482|742|0|0|0|6936|720|1280
0|349|1093|0|0|0|6936|720|1280
1|349|1093|0|0|0|6936|720|1280
0|223|789|0|0|0|6970|720|1280
1|223|789|0|0|0|6971|720|1280
0|330|879|0|0|0|7060|720|1280
1|330|879|0|0|0|7061|720|1280
0|441|780|0|0|0|7095|720|1280
1|441|780|0|0|0|7096|720|1280
0|482|742|0|0|0|7197|720|1280
1|482|742|0|0|0|7198|720|1280
0|349|1093|0|0|0|7198|720|1280
1|349|1093|0|0|0|7198|720|1280
0|223|789|0|0|0|7217|720|1280
1|223|789|0|0|0|7218|720|1280
0|330|879|0|0|0|7324|720|1280
1|330|879|0|0|0|7325|720|1280
0|441|780|0|0|0|7355|720|1280
1|441|780|0|0|0|7356|720|1280
0|482|742|0|0|0|7449|720|1280
1|482|742|0|0|0|7450|720|1280
0|349|1093|0|0|0|7450|720|1280
1|349|1093|0|0|0|7450|720|1280
0|223|789|0|0|0|7483|720|1280
1|223|789|0|0|0|7484|720|1280
0|330|879|0|0|0|7592|720|1280
1|330|879|0|0|0|7593|720|1280
0|441|780|0|0|0|7612|720|1280
1|441|780|0|0|0|7613|720|1280
0|482|742|0|0|0|7717|720|1280
1|482|742|0|0|0|7718|720|1280
0|349|1093|0|0|0|7718|720|1280
1|349|1093|0|0|0|7718|720|1280
0|223|789|0|0|0|7747|720|1280
1|223|789|0|0|0|7748|720|1280
0|330|879|0|0|0|7838|720|1280
1|330|879|0|0|0|7839|720|1280
0|441|780|0|0|0|7876|720|1280
1|441|780|0|0|0|7877|720|1280
0|482|742|0|0|0|7977|720|1280
1|482|742|0|0|0|7978|720|1280
0|349|1093|0|0|0|7978|720|1280
1|349|1093|0|0|0|7978|720|1280
0|223|789|0|0|0|7997|720|1280
1|223|789|0|0|0|7998|720|1280
0|330|879|0|0|0|8111|720|1280
1|330|879|0|0|0|8112|720|1280
0|441|780|0|0|0|8133|720|1280
1|441|780|0|0|0|8134|720|1280
0|482|742|0|0|0|8237|720|1280
1|482|742|0|0|0|8237|720|1280
0|349|1093|0|0|0|8237|720|1280
1|349|1093|0|0|0|8237|720|1280
0|223|789|0|0|0|8260|720|1280
1|223|789|0|0|0|8261|720|1280
0|330|879|0|0|0|8372|720|1280
1|330|879|0|0|0|8373|720|1280
0|441|780|0|0|0|8384|720|1280
1|441|780|0|0|0|8385|720|1280
0|482|742|0|0|0|8497|720|1280
1|482|742|0|0|0|8497|720|1280
0|349|1093|0|0|0|8497|720|1280
1|349|1093|0|0|0|8498|720|1280
0|223|789|0|0|0|8523|720|1280
1|223|789|0|0|0|8524|720|1280
0|330|879|0|0|0|8620|720|1280
1|330|879|0|0|0|8621|720|1280
0|441|780|0|0|0|8652|720|1280
1|441|780|0|0|0|8653|720|1280
0|482|742|0|0|0|8757|720|1280
1|482|742|0|0|0|8758|720|1280
0|349|1093|0|0|0|8758|720|1280
1|349|1093|0|0|0|8758|720|1280
0|223|789|0|0|0|8777|720|1280
1|223|789|0|0|0|8778|720|1280
0|330|879|0|0|0|8884|720|1280
1|330|879|0|0|0|8885|720|1280
0|441|780|0|0|0|8914|720|1280
1|441|780|0|0|0|8915|720|1280
0|482|742|0|0|0|9008|720|1280
1|482|742|0|0|0|9009|720|1280
0|349|1093|0|0|0|9009|720|1280
1|349|1093|0|0|0|9009|720|1280
0|223|789|0|0|0|9042|720|1280
1|223|789|0|0|0|9043|720|1280
0|330|879|0|0|0|9153|720|1280
1|330|879|0|0|0|9154|720|1280
0|441|780|0|0|0|9165|720|1280
1|441|780|0|0|0|9166|720|1280
0|482|742|0|0|0|9279|720|1280
1|482|742|0|0|0|9279|720|1280
0|349|1093|0|0|0|9279|720|1280
1|349|1093|0|0|0|9279|720|1280
0|223|789|0|0|0|9304|720|1280
1|223|789|0|0|0|9304|720|1280
0|330|879|0|0|0|9405|720|1280
1|330|879|0|0|0|9405|720|1280
0|441|780|0|0|0|9434|720|1280
1|441|780|0|0|0|9434|720|1280
0|482|742|0|0|0|9539|720|1280
1|482|742|0|0|0|9539|720|1280
0|349|1093|0|0|0|9539|720|1280
1|349|1093|0|0|0|9539|720|1280
0|223|789|0|0|0|9559|720|1280
1|223|789|0|0|0|9559|720|1280
0|330|879|0|0|0|9663|720|1280
1|330|879|0|0|0|9663|720|1280
0|441|780|0|0|0|9696|720|1280
1|441|780|0|0|0|9696|720|1280
0|482|742|0|0|0|9797|720|1280
1|482|742|0|0|0|9797|720|1280
0|349|1093|0|0|0|9797|720|1280
1|349|1093|0|0|0|9797|720|1280
0|223|789|0|0|0|9820|720|1280
1|223|789|0|0|0|9820|720|1280
0|330|879|0|0|0|9931|720|1280
1|330|879|0|0|0|9931|720|1280
0|441|780|0|0|0|9946|720|1280
1|441|780|0|0|0|9946|720|1280
0|482|742|0|0|0|10057|720|1280
1|482|742|0|0|0|10057|720|1280
0|349|1093|0|0|0|10057|720|1280
1|349|1093|0|0|0|10057|720|1280
0|223|789|0|0|0|10089|720|1280
1|223|789|0|0|0|10089|720|1280
0|330|879|0|0|0|10182|720|1280
1|330|879|0|0|0|10182|720|1280
0|441|780|0|0|0|10214|720|1280
1|441|780|0|0|0|10214|720|1280
0|482|742|0|0|0|10320|720|1280
1|482|742|0|0|0|10321|720|1280
0|349|1093|0|0|0|10321|720|1280
1|349|1093|0|0|0|10321|720|1280
0|223|789|0|0|0|10342|720|1280
1|223|789|0|0|0|10342|720|1280
0|330|879|0|0|0|10445|720|1280
1|330|879|0|0|0|10445|720|1280
0|441|780|0|0|0|10475|720|1280
1|441|780|0|0|0|10475|720|1280
0|482|742|0|0|0|10570|720|1280
1|482|742|0|0|0|10570|720|1280
0|349|1093|0|0|0|10570|720|1280
1|349|1093|0|0|0|10570|720|1280
0|223|789|0|0|0|10608|720|1280
1|223|789|0|0|0|10608|720|1280
0|330|879|0|0|0|10713|720|1280
1|330|879|0|0|0|10713|720|1280
0|441|780|0|0|0|10733|720|1280
1|441|780|0|0|0|10733|720|1280
0|482|742|0|0|0|10833|720|1280
1|482|742|0|0|0|10833|720|1280
0|349|1093|0|0|0|10833|720|1280
1|349|1093|0|0|0|10833|720|1280
0|223|789|0|0|0|10873|720|1280
1|223|789|0|0|0|10873|720|1280
0|330|879|0|0|0|10964|720|1280
1|330|879|0|0|0|10964|720|1280
0|441|780|0|0|0|10993|720|1280
1|441|780|0|0|0|10993|720|1280
0|482|742|0|0|0|11099|720|1280
1|482|742|0|0|0|11099|720|1280
0|349|1093|0|0|0|11099|720|1280
1|349|1093|0|0|0|11100|720|1280
0|223|789|0|0|0|11119|720|1280
1|223|789|0|0|0|11119|720|1280
0|330|879|0|0|0|11231|720|1280
1|330|879|0|0|0|11231|720|1280
0|441|780|0|0|0|11257|720|1280
1|441|780|0|0|0|11257|720|1280
0|482|742|0|0|0|11349|720|1280
1|482|742|0|0|0|11349|720|1280
0|349|1093|0|0|0|11349|720|1280
1|349|1093|0|0|0|11349|720|1280
0|223|789|0|0|0|11379|720|1280
1|223|789|0|0|0|11379|720|1280
0|330|879|0|0|0|11491|720|1280
1|330|879|0|0|0|11491|720|1280
0|441|780|0|0|0|11503|720|1280
1|441|780|0|0|0|11503|720|1280
0|482|742|0|0|0|11619|720|1280
1|482|742|0|0|0|11619|720|1280
0|349|1093|0|0|0|11619|720|1280
1|349|1093|0|0|0|11619|720|1280
0|223|789|0|0|0|11648|720|1280
1|223|789|0|0|0|11648|720|1280
0|330|879|0|0|0|11738|720|1280
1|330|879|0|0|0|11739|720|1280
0|441|780|0|0|0|11773|720|1280
1|441|780|0|0|0|11773|720|1280
0|482|742|0|0|0|11878|720|1280
1|482|742|0|0|0|11878|720|1280
0|349|1093|0|0|0|11878|720|1280
1|349|1093|0|0|0|11878|720|1280
0|223|789|0|0|0|11898|720|1280
1|223|789|0|0|0|11898|720|1280
0|330|879|0|0|0|12004|720|1280
1|330|879|0|0|0|12004|720|1280
0|441|780|0|0|0|12034|720|1280
1|441|780|0|0|0|12034|720|1280
0|482|742|0|0|0|12127|720|1280
1|482|742|0|0|0|12127|720|1280
0|349|1093|0|0|0|12127|720|1280
1|349|1093|0|0|0|12127|720|1280
0|223|789|0|0|0|12165|720|1280
1|223|789|0|0|0|12165|720|1280
0|330|879|0|0|0|12274|720|1280
1|330|879|0|0|0|12274|720|1280
0|441|780|0|0|0|12284|720|1280
1|441|780|0|0|0|12284|720|1280
0|482|742|0|0|0|12397|720|1280
1|482|742|0|0|0|12397|720|1280
0|349|1093|0|0|0|12397|720|1280
1|349|1093|0|0|0|12397|720|1280
0|223|789|0|0|0|12429|720|1280
1|223|789|0|0|0|12429|720|1280
0|330|879|0|0|0|12523|720|1280
1|330|879|0|0|0|12523|720|1280
0|441|780|0|0|0|12553|720|1280
1|441|780|0|0|0|12553|720|1280
0|482|742|0|0|0|12658|720|1280
1|482|742|0|0|0|12658|720|1280
0|349|1093|0|0|0|12658|720|1280
1|349|1093|0|0|0|12658|720|1280
0|223|789|0|0|0|12678|720|1280
1|223|789|0|0|0|12678|720|1280
0|330|879|0|0|0|12790|720|1280
1|330|879|0|0|0|12790|720|1280
0|441|780|0|0|0|12816|720|1280
1|441|780|0|0|0|12816|720|1280
0|482|742|0|0|0|12916|720|1280
1|482|742|0|0|0|12916|720|1280
0|349|1093|0|0|0|12916|720|1280
1|349|1093|0|0|0|12916|720|1280
0|223|789|0|0|0|12940|720|1280
1|223|789|0|0|0|12940|720|1280
0|330|879|0|0|0|13052|720|1280
1|330|879|0|0|0|13052|720|1280
0|441|780|0|0|0|13064|720|1280
1|441|780|0|0|0|13064|720|1280
0|482|742|0|0|0|13174|720|1280
1|482|742|0|0|0|13174|720|1280
0|349|1093|0|0|0|13174|720|1280
1|349|1093|0|0|0|13175|720|1280
0|223|789|0|0|0|13209|720|1280
1|223|789|0|0|0|13209|720|1280
0|330|879|0|0|0|13301|720|1280
1|330|879|0|0|0|13302|720|1280
0|441|780|0|0|0|13328|720|1280
1|441|780|0|0|0|13329|720|1280
0|482|742|0|0|0|13440|720|1280
1|482|742|0|0|0|13440|720|1280
0|349|1093|0|0|0|13440|720|1280
1|349|1093|0|0|0|13440|720|1280
0|223|789|0|0|0|13459|720|1280
1|223|789|0|0|0|13460|720|1280
0|330|879|0|0|0|13562|720|1280
1|330|879|0|0|0|13563|720|1280
0|441|780|0|0|0|13600|720|1280
1|441|780|0|0|0|13601|720|1280
0|482|742|0|0|0|13688|720|1280
1|482|742|0|0|0|13689|720|1280
0|349|1093|0|0|0|13689|720|1280
1|349|1093|0|0|0|13689|720|1280
0|223|789|0|0|0|13726|720|1280
1|223|789|0|0|0|13727|720|1280
0|330|879|0|0|0|13834|720|1280
1|330|879|0|0|0|13835|720|1280
0|441|780|0|0|0|13844|720|1280
1|441|780|0|0|0|13845|720|1280
0|482|742|0|0|0|13959|720|1280
1|482|742|0|0|0|13960|720|1280
0|349|1093|0|0|0|13960|720|1280
1|349|1093|0|0|0|13960|720|1280
0|223|789|0|0|0|13989|720|1280
1|223|789|0|0|0|13990|720|1280
0|330|879|0|0|0|14078|720|1280
1|330|879|0|0|0|14079|720|1280
0|441|780|0|0|0|14113|720|1280
1|441|780|0|0|0|14114|720|1280
0|482|742|0|0|0|14226|720|1280
1|482|742|0|0|0|14227|720|1280
0|349|1093|0|0|0|14227|720|1280
1|349|1093|0|0|0|14227|720|1280
0|223|789|0|0|0|14236|720|1280
1|223|789|0|0|0|14237|720|1280
0|330|879|0|0|0|14351|720|1280
1|330|879|0|0|0|14352|720|1280
0|441|780|0|0|0|14373|720|1280
1|441|780|0|0|0|14374|720|1280
0|482|742|0|0|0|14476|720|1280
1|482|742|0|0|0|14477|720|1280
0|349|1093|0|0|0|14477|720|1280
1|349|1093|0|0|0|14477|720|1280
0|223|789|0|0|0|14500|720|1280
1|223|789|0|0|0|14501|720|1280
0|330|879|0|0|0|14609|720|1280
1|330|879|0|0|0|14610|720|1280
0|441|780|0|0|0|14624|720|1280
1|441|780|0|0|0|14625|720|1280
0|482|742|0|0|0|14735|720|1280
1|482|742|0|0|0|14736|720|1280
0|349|1093|0|0|0|14736|720|1280
1|349|1093|0|0|0|14736|720|1280
0|223|789|0|0|0|14770|720|1280
1|223|789|0|0|0|14771|720|1280
0|330|879|0|0|0|14865|720|1280
1|330|879|0|0|0|14866|720|1280
0|441|780|0|0|0|14888|720|1280
1|441|780|0|0|0|14889|720|1280
0|482|742|0|0|0|15001|720|1280
1|482|742|0|0|0|15001|720|1280
0|349|1093|0|0|0|15001|720|1280
1|349|1093|0|0|0|15001|720|1280
0|223|789|0|0|0|15020|720|1280
1|223|789|0|0|0|15021|720|1280
0|330|879|0|0|0|15122|720|1280
1|330|879|0|0|0|15123|720|1280
0|441|780|0|0|0|15162|720|1280
1|441|780|0|0|0|15163|720|1280
0|482|742|0|0|0|15248|720|1280
1|482|742|0|0|0|15249|720|1280
0|349|1093|0|0|0|15249|720|1280
1|349|1093|0|0|0|15249|720|1280
0|223|789|0|0|0|15286|720|1280
1|223|789|0|0|0|15287|720|1280
0|330|879|0|0|0|15393|720|1280
1|330|879|0|0|0|15394|720|1280
0|441|780|0|0|0|15403|720|1280
1|441|780|0|0|0|15404|720|1280
0|482|742|0|0|0|15518|720|1280
1|482|742|0|0|0|15519|720|1280
0|349|1093|0|0|0|15519|720|1280
1|349|1093|0|0|0|15519|720|1280
0|223|789|0|0|0|15528|720|1280
1|223|789|0|0|0|15528|720|1280
0|330|879|0|0|0|15641|720|1280
1|330|879|0|0|0|15642|720|1280
0|441|780|0|0|0|15674|720|1280
1|441|780|0|0|0|15675|720|1280
0|482|742|0|0|0|15766|720|1280
1|482|742|0|0|0|15767|720|1280
0|349|1093|0|0|0|15767|720|1280
1|349|1093|0|0|0|15767|720|1280
0|223|789|0|0|0|15795|720|1280
1|223|789|0|0|0|15795|720|1280
0|330|879|0|0|0|15903|720|1280
1|330|879|0|0|0|15904|720|1280
0|441|780|0|0|0|15923|720|1280
1|441|780|0|0|0|15924|720|1280
0|482|742|0|0|0|16028|720|1280
1|482|742|0|0|0|16029|720|1280
0|349|1093|0|0|0|16029|720|1280
1|349|1093|0|0|0|16029|720|1280
0|223|789|0|0|0|16058|720|1280
1|223|789|0|0|0|16059|720|1280
0|330|879|0|0|0|16160|720|1280
1|330|879|0|0|0|16161|720|1280
0|441|780|0|0|0|16184|720|1280
1|441|780|0|0|0|16185|720|1280
0|482|742|0|0|0|16296|720|1280
1|482|742|0|0|0|16297|720|1280
0|349|1093|0|0|0|16297|720|1280
1|349|1093|0|0|0|16297|720|1280
0|223|789|0|0|0|16308|720|1280
1|223|789|0|0|0|16309|720|1280
0|330|879|0|0|0|16426|720|1280
1|330|879|0|0|0|16427|720|1280
0|441|780|0|0|0|16452|720|1280
1|441|780|0|0|0|16453|720|1280
0|482|742|0|0|0|16544|720|1280
1|482|742|0|0|0|16545|720|1280
0|349|1093|0|0|0|16545|720|1280
1|349|1093|0|0|0|16545|720|1280
0|223|789|0|0|0|16577|720|1280
1|223|789|0|0|0|16578|720|1280
0|330|879|0|0|0|16682|720|1280
1|330|879|0|0|0|16683|720|1280
0|441|780|0|0|0|16702|720|1280
1|441|780|0|0|0|16703|720|1280
0|482|742|0|0|0|16809|720|1280
1|482|742|0|0|0|16810|720|1280
0|349|1093|0|0|0|16810|720|1280
1|349|1093|0|0|0|16810|720|1280
0|223|789|0|0|0|16847|720|1280
1|223|789|0|0|0|16848|720|1280
0|330|879|0|0|0|16932|720|1280
1|330|879|0|0|0|16933|720|1280
0|441|780|0|0|0|16972|720|1280
1|441|780|0|0|0|16973|720|1280
0|482|742|0|0|0|17077|720|1280
1|482|742|0|0|0|17078|720|1280
0|349|1093|0|0|0|17078|720|1280
1|349|1093|0|0|0|17078|720|1280
0|223|789|0|0|0|17097|720|1280
1|223|789|0|0|0|17098|720|1280
0|330|879|0|0|0|17202|720|1280
1|330|879|0|0|0|17202|720|1280
0|441|780|0|0|0|17230|720|1280
1|441|780|0|0|0|17230|720|1280
0|482|742|0|0|0|17330|720|1280
1|482|742|0|0|0|17330|720|1280
0|349|1093|0|0|0|17330|720|1280
1|349|1093|0|0|0|17331|720|1280
0|223|789|0|0|0|17360|720|1280
1|223|789|0|0|0|17360|720|1280
0|330|879|0|0|0|17466|720|1280
1|330|879|0|0|0|17466|720|1280
0|441|780|0|0|0|17486|720|1280
1|441|780|0|0|0|17486|720|1280
0|482|742|0|0|0|17588|720|1280
1|482|742|0|0|0|17588|720|1280
0|349|1093|0|0|0|17588|720|1280
1|349|1093|0|0|0|17588|720|1280
0|223|789|0|0|0|17619|720|1280
1|223|789|0|0|0|17619|720|1280
0|330|879|0|0|0|17717|720|1280
1|330|879|0|0|0|17717|720|1280
0|441|780|0|0|0|17746|720|1280
1|441|780|0|0|0|17746|720|1280
0|482|742|0|0|0|17854|720|1280
1|482|742|0|0|0|17854|720|1280
0|349|1093|0|0|0|17854|720|1280
1|349|1093|0|0|0|17854|720|1280
0|223|789|0|0|0|17869|720|1280
1|223|789|0|0|0|17869|720|1280
0|330|879|0|0|0|17981|720|1280
1|330|879|0|0|0|17981|720|1280
0|441|780|0|0|0|18013|720|1280
1|441|780|0|0|0|18013|720|1280
0|482|742|0|0|0|18111|720|1280
1|482|742|0|0|0|18111|720|1280
0|349|1093|0|0|0|18111|720|1280
1|349|1093|0|0|0|18111|720|1280
0|223|789|0|0|0|18140|720|1280
1|223|789|0|0|0|18140|720|1280
0|330|879|0|0|0|18245|720|1280
1|330|879|0|0|0|18245|720|1280
0|441|780|0|0|0|18265|720|1280
1|441|780|0|0|0|18265|720|1280
0|482|742|0|0|0|18368|720|1280
1|482|742|0|0|0|18368|720|1280
0|349|1093|0|0|0|18368|720|1280
1|349|1093|0|0|0|18368|720|1280
0|223|789|0|0|0|18406|720|1280
1|223|789|0|0|0|18406|720|1280
0|330|879|0|0|0|18494|720|1280
1|330|879|0|0|0|18494|720|1280
0|441|780|0|0|0|18528|720|1280
1|441|780|0|0|0|18528|720|1280
0|482|742|0|0|0|18637|720|1280
1|482|742|0|0|0|18637|720|1280
0|349|1093|0|0|0|18637|720|1280
1|349|1093|0|0|0|18637|720|1280
0|223|789|0|0|0|18657|720|1280
1|223|789|0|0|0|18657|720|1280
0|330|879|0|0|0|18764|720|1280
1|330|879|0|0|0|18764|720|1280
0|441|780|0|0|0|18793|720|1280
1|441|780|0|0|0|18793|720|1280
0|482|742|0|0|0|18890|720|1280
1|482|742|0|0|0|18890|720|1280
0|349|1093|0|0|0|18890|720|1280
1|349|1093|0|0|0|18890|720|1280
0|223|789|0|0|0|18918|720|1280
1|223|789|0|0|0|18918|720|1280
0|330|879|0|0|0|19032|720|1280
1|330|879|0|0|0|19032|720|1280
0|441|780|0|0|0|19040|720|1280
1|441|780|0|0|0|19040|720|1280
0|482|742|0|0|0|19148|720|1280
1|482|742|0|0|0|19148|720|1280
0|349|1093|0|0|0|19148|720|1280
1|349|1093|0|0|0|19148|720|1280
0|223|789|0|0|0|19179|720|1280
1|223|789|0|0|0|19179|720|1280
0|330|879|0|0|0|19281|720|1280
1|330|879|0|0|0|19281|720|1280
0|441|780|0|0|0|19306|720|1280
1|441|780|0|0|0|19306|720|1280
0|482|742|0|0|0|19418|720|1280
1|482|742|0|0|0|19418|720|1280
0|349|1093|0|0|0|19418|720|1280
1|349|1093|0|0|0|19418|720|1280
0|223|789|0|0|0|19430|720|1280
1|223|789|0|0|0|19430|720|1280
0|330|879|0|0|0|19544|720|1280
1|330|879|0|0|0|19544|720|1280
0|441|780|0|0|0|19573|720|1280
1|441|780|0|0|0|19573|720|1280
0|482|742|0|0|0|19671|720|1280
1|482|742|0|0|0|19671|720|1280
0|349|1093|0|0|0|19671|720|1280
1|349|1093|0|0|0|19671|720|1280
0|223|789|0|0|0|19700|720|1280
1|223|789|0|0|0|19700|720|1280
0|330|879|0|0|0|19805|720|1280
1|330|879|0|0|0|19805|720|1280
0|441|780|0|0|0|19825|720|1280
1|441|780|0|0|0|19825|720|1280
0|482|742|0|0|0|19929|720|1280
1|482|742|0|0|0|19929|720|1280
0|349|1093|0|0|0|19929|720|1280
1|349|1093|0|0|0|19929|720|1280
0|223|789|0|0|0|19959|720|1280
1|223|789|0|0|0|19959|720|1280
0|330|879|0|0|0|20054|720|1280
1|330|879|0|0|0|20054|720|1280
0|441|780|0|0|0|20092|720|1280
1|441|780|0|0|0|20092|720|1280
0|482|742|0|0|0|20197|720|1280
1|482|742|0|0|0|20197|720|1280
0|349|1093|0|0|0|20197|720|1280
1|349|1093|0|0|0|20197|720|1280
0|223|789|0|0|0|20217|720|1280
1|223|789|0|0|0|20217|720|1280
0|330|879|0|0|0|20317|720|1280
1|330|879|0|0|0|20317|720|1280
0|441|780|0|0|0|20355|720|1280
1|441|780|0|0|0|20355|720|1280
0|482|742|0|0|0|20449|720|1280
1|482|742|0|0|0|20449|720|1280
0|349|1093|0|0|0|20449|720|1280
1|349|1093|0|0|0|20449|720|1280
0|223|789|0|0|0|20479|720|1280
1|223|789|0|0|0|20479|720|1280
0|330|879|0|0|0|20590|720|1280
1|330|879|0|0|0|20590|720|1280
0|441|780|0|0|0|20600|720|1280
1|441|780|0|0|0|20600|720|1280
0|482|742|0|0|0|20707|720|1280
1|482|742|0|0|0|20708|720|1280
0|349|1093|0|0|0|20708|720|1280
1|349|1093|0|0|0|20708|720|1280
0|223|789|0|0|0|20741|720|1280
1|223|789|0|0|0|20741|720|1280
0|330|879|0|0|0|20833|720|1280
1|330|879|0|0|0|20833|720|1280
0|441|780|0|0|0|20865|720|1280
1|441|780|0|0|0|20865|720|1280
0|482|742|0|0|0|20973|720|1280
1|482|742|0|0|0|20973|720|1280
0|349|1093|0|0|0|20973|720|1280
1|349|1093|0|0|0|20973|720|1280
0|223|789|0|0|0|20988|720|1280
1|223|789|0|0|0|20988|720|1280
0|330|879|0|0|0|21099|720|1280
1|330|879|0|0|0|21100|720|1280
0|441|780|0|0|0|21134|720|1280
1|441|780|0|0|0|21135|720|1280
0|482|742|0|0|0|21231|720|1280
1|482|742|0|0|0|21232|720|1280
0|349|1093|0|0|0|21232|720|1280
1|349|1093|0|0|0|21232|720|1280
0|223|789|0|0|0|21260|720|1280
1|223|789|0|0|0|21261|720|1280
0|330|879|0|0|0|21365|720|1280
1|330|879|0|0|0|21366|720|1280
0|441|780|0|0|0|21381|720|1280
1|441|780|0|0|0|21381|720|1280
0|482|742|0|0|0|21488|720|1280
1|482|742|0|0|0|21489|720|1280
0|349|1093|0|0|0|21489|720|1280
1|349|1093|0|0|0|21489|720|1280
0|223|789|0|0|0|21526|720|1280
1|223|789|0|0|0|21527|720|1280
0|330|879|0|0|0|21614|720|1280
1|330|879|0|0|0|21615|720|1280
0|441|780|0|0|0|21644|720|1280
1|441|780|0|0|0|21645|720|1280
0|482|742|0|0|0|21758|720|1280
1|482|742|0|0|0|21759|720|1280
0|349|1093|0|0|0|21759|720|1280
1|349|1093|0|0|0|21759|720|1280
0|223|789|0|0|0|21768|720|1280
1|223|789|0|0|0|21769|720|1280
0|330|879|0|0|0|21883|720|1280
1|330|879|0|0|0|21884|720|1280
0|441|780|0|0|0|21911|720|1280
1|441|780|0|0|0|21912|720|1280
0|482|742|0|0|0|22006|720|1280
1|482|742|0|0|0|22007|720|1280
0|349|1093|0|0|0|22007|720|1280
1|349|1093|0|0|0|22007|720|1280
0|223|789|0|0|0|22036|720|1280
1|223|789|0|0|0|22037|720|1280
0|330|879|0|0|0|22147|720|1280
1|330|879|0|0|0|22147|720|1280
0|441|780|0|0|0|22166|720|1280
1|441|780|0|0|0|22167|720|1280
0|482|742|0|0|0|22275|720|1280
1|482|742|0|0|0|22276|720|1280
0|349|1093|0|0|0|22276|720|1280
1|349|1093|0|0|0|22276|720|1280
0|223|789|0|0|0|22299|720|1280
1|223|789|0|0|0|22300|720|1280
0|330|879|0|0|0|22399|720|1280
1|330|879|0|0|0|22399|720|1280
0|441|780|0|0|0|22426|720|1280
1|441|780|0|0|0|22426|720|1280
0|482|742|0|0|0|22535|720|1280
1|482|742|0|0|0|22535|720|1280
0|349|1093|0|0|0|22535|720|1280
1|349|1093|0|0|0|22535|720|1280
0|223|789|0|0|0|22550|720|1280
1|223|789|0|0|0|22550|720|1280
0|330|879|0|0|0|22662|720|1280
1|330|879|0|0|0|22662|720|1280
0|441|780|0|0|0|22693|720|1280
1|441|780|0|0|0|22693|720|1280
0|482|742|0|0|0|22786|720|1280
1|482|742|0|0|0|22786|720|1280
0|349|1093|0|0|0|22786|720|1280
1|349|1093|0|0|0|22786|720|1280
0|223|789|0|0|0|22818|720|1280
1|223|789|0|0|0|22818|720|1280
0|330|879|0|0|0|22926|720|1280
1|330|879|0|0|0|22926|720|1280
0|441|780|0|0|0|22946|720|1280
1|441|780|0|0|0|22946|720|1280
0|482|742|0|0|0|23050|720|1280
1|482|742|0|0|0|23050|720|1280
0|349|1093|0|0|0|23050|720|1280
1|349|1093|0|0|0|23050|720|1280
0|223|789|0|0|0|23080|720|1280
1|223|789|0|0|0|23080|720|1280
0|330|879|0|0|0|23174|720|1280
1|330|879|0|0|0|23174|720|1280
0|441|780|0|0|0|23204|720|1280
1|441|780|0|0|0|23204|720|1280
0|482|742|0|0|0|23317|720|1280
1|482|742|0|0|0|23317|720|1280
0|349|1093|0|0|0|23317|720|1280
1|349|1093|0|0|0|23317|720|1280
0|223|789|0|0|0|23337|720|1280
1|223|789|0|0|0|23337|720|1280
0|330|879|0|0|0|23442|720|1280
1|330|879|0|0|0|23442|720|1280
0|441|780|0|0|0|23478|720|1280
1|441|780|0|0|0|23478|720|1280
0|482|742|0|0|0|23569|720|1280
1|482|742|0|0|0|23569|720|1280
0|349|1093|0|0|0|23569|720|1280
1|349|1093|0|0|0|23569|720|1280
0|223|789|0|0|0|23598|720|1280
1|223|789|0|0|0|23598|720|1280
0|330|879|0|0|0|23707|720|1280
1|330|879|0|0|0|23707|720|1280
0|441|780|0|0|0|23727|720|1280
1|441|780|0|0|0|23727|720|1280
0|482|742|0|0|0|23827|720|1280
1|482|742|0|0|0|23827|720|1280
0|349|1093|0|0|0|23827|720|1280
1|349|1093|0|0|0|23827|720|1280
0|223|789|0|0|0|23861|720|1280
1|223|789|0|0|0|23861|720|1280
0|330|879|0|0|0|23957|720|1280
1|330|879|0|0|0|23957|720|1280
0|441|780|0|0|0|23983|720|1280
1|441|780|0|0|0|23983|720|1280
0|482|742|0|0|0|24093|720|1280
1|482|742|0|0|0|24093|720|1280
0|349|1093|0|0|0|24093|720|1280
1|349|1093|0|0|0|24093|720|1280
0|223|789|0|0|0|24108|720|1280
1|223|789|0|0|0|24108|720|1280
0|330|879|0|0|0|24223|720|1280
1|330|879|0|0|0|24223|720|1280
0|441|780|0|0|0|24253|720|1280
1|441|780|0|0|0|24253|720|1280
0|482|742|0|0|0|24347|720|1280
1|482|742|0|0|0|24347|720|1280
0|349|1093|0|0|0|24347|720|1280
1|349|1093|0|0|0|24348|720|1280
0|223|789|0|0|0|24379|720|1280
1|223|789|0|0|0|24379|720|1280
0|330|879|0|0|0|24486|720|1280
1|330|879|0|0|0|24486|720|1280
0|441|780|0|0|0|24506|720|1280
1|441|780|0|0|0|24506|720|1280
0|482|742|0|0|0|24607|720|1280
1|482|742|0|0|0|24607|720|1280
0|349|1093|0|0|0|24607|720|1280
1|349|1093|0|0|0|24607|720|1280
0|223|789|0|0|0|24645|720|1280
1|223|789|0|0|0|24645|720|1280
0|330|879|0|0|0|24733|720|1280
1|330|879|0|0|0|24734|720|1280
0|441|780|0|0|0|24763|720|1280
1|441|780|0|0|0|24763|720|1280
0|482|742|0|0|0|24879|720|1280
1|482|742|0|0|0|24879|720|1280
0|349|1093|0|0|0|24879|720|1280
1|349|1093|0|0|0|24879|720|1280
0|223|789|0|0|0|24889|720|1280
1|223|789|0|0|0|24889|720|1280
0|330|879|0|0|0|25004|720|1280
1|330|879|0|0|0|25004|720|1280
0|441|780|0|0|0|25029|720|1280
1|441|780|0|0|0|25030|720|1280
0|482|742|0|0|0|25128|720|1280
1|482|742|0|0|0|25129|720|1280
0|349|1093|0|0|0|25129|720|1280
1|349|1093|0|0|0|25129|720|1280
0|223|789|0|0|0|25158|720|1280
1|223|789|0|0|0|25159|720|1280
0|330|879|0|0|0|25267|720|1280
1|330|879|0|0|0|25268|720|1280
0|441|780|0|0|0|25287|720|1280
1|441|780|0|0|0|25288|720|1280
0|482|742|0|0|0|25392|720|1280
1|482|742|0|0|0|25392|720|1280
0|349|1093|0|0|0|25392|720|1280
1|349|1093|0|0|0|25392|720|1280
0|223|789|0|0|0|25421|720|1280
1|223|789|0|0|0|25422|720|1280
0|330|879|0|0|0|25513|720|1280
1|330|879|0|0|0|25514|720|1280
0|441|780|0|0|0|25544|720|1280
1|441|780|0|0|0|25545|720|1280
0|482|742|0|0|0|25660|720|1280
1|482|742|0|0|0|25660|720|1280
0|349|1093|0|0|0|25660|720|1280
1|349|1093|0|0|0|25660|720|1280
0|223|789|0|0|0|25669|720|1280
1|223|789|0|0|0|25669|720|1280
0|330|879|0|0|0|25781|720|1280
1|330|879|0|0|0|25781|720|1280
0|441|780|0|0|0|25813|720|1280
1|441|780|0|0|0|25813|720|1280
0|482|742|0|0|0|25904|720|1280
1|482|742|0|0|0|25904|720|1280
0|349|1093|0|0|0|25904|720|1280
1|349|1093|0|0|0|25904|720|1280
0|223|789|0|0|0|25939|720|1280
1|223|789|0|0|0|25939|720|1280
0|330|879|0|0|0|26043|720|1280
1|330|879|0|0|0|26043|720|1280
0|441|780|0|0|0|26063|720|1280
1|441|780|0|0|0|26063|720|1280
0|482|742|0|0|0|26169|720|1280
1|482|742|0|0|0|26169|720|1280
0|349|1093|0|0|0|26169|720|1280
1|349|1093|0|0|0|26169|720|1280
0|223|789|0|0|0|26202|720|1280
1|223|789|0|0|0|26202|720|1280
0|330|879|0|0|0|26293|720|1280
1|330|879|0|0|0|26293|720|1280
0|441|780|0|0|0|26333|720|1280
1|441|780|0|0|0|26333|720|1280
0|482|742|0|0|0|26438|720|1280
1|482|742|0|0|0|26439|720|1280
0|349|1093|0|0|0|26439|720|1280
1|349|1093|0|0|0|26439|720|1280
0|223|789|0|0|0|26448|720|1280
1|223|789|0|0|0|26449|720|1280
0|330|879|0|0|0|26563|720|1280
1|330|879|0|0|0|26564|720|1280
0|441|780|0|0|0|26589|720|1280
1|441|780|0|0|0|26590|720|1280
0|482|742|0|0|0|26689|720|1280
1|482|742|0|0|0|26690|720|1280
0|349|1093|0|0|0|26690|720|1280
1|349|1093|0|0|0|26690|720|1280
0|223|789|0|0|0|26719|720|1280
1|223|789|0|0|0|26720|720|1280
0|330|879|0|0|0|26829|720|1280
1|330|879|0|0|0|26830|720|1280
0|441|780|0|0|0|26839|720|1280
1|441|780|0|0|0|26840|720|1280
0|482|742|0|0|0|26948|720|1280
1|482|742|0|0|0|26949|720|1280
0|349|1093|0|0|0|26949|720|1280
1|349|1093|0|0|0|26949|720|1280
0|223|789|0|0|0|26978|720|1280
1|223|789|0|0|0|26979|720|1280
0|330|879|0|0|0|27072|720|1280
1|330|879|0|0|0|27073|720|1280
0|441|780|0|0|0|27104|720|1280
1|441|780|0|0|0|27105|720|1280
0|482|742|0|0|0|27213|720|1280
1|482|742|0|0|0|27214|720|1280
0|349|1093|0|0|0|27214|720|1280
1|349|1093|0|0|0|27214|720|1280
0|223|789|0|0|0|27228|720|1280
1|223|789|0|0|0|27228|720|1280
0|330|879|0|0|0|27343|720|1280
1|330|879|0|0|0|27344|720|1280
0|441|780|0|0|0|27375|720|1280
1|441|780|0|0|0|27376|720|1280
0|482|742|0|0|0|27463|720|1280
1|482|742|0|0|0|27464|720|1280
0|349|1093|0|0|0|27464|720|1280
1|349|1093|0|0|0|27464|720|1280
0|223|789|0|0|0|27498|720|1280
1|223|789|0|0|0|27499|720|1280
0|330|879|0|0|0|27605|720|1280
1|330|879|0|0|0|27606|720|1280
0|441|780|0|0|0|27625|720|1280
1|441|780|0|0|0|27626|720|1280
0|482|742|0|0|0|27730|720|1280
1|482|742|0|0|0|27730|720|1280
0|349|1093|0|0|0|27730|720|1280
1|349|1093|0|0|0|27730|720|1280
0|223|789|0|0|0|27763|720|1280
1|223|789|0|0|0|27764|720|1280
0|330|879|0|0|0|27853|720|1280
1|330|879|0|0|0|27854|720|1280
0|441|780|0|0|0|27883|720|1280
1|441|780|0|0|0|27884|720|1280
0|482|742|0|0|0|27997|720|1280
1|482|742|0|0|0|27998|720|1280
0|349|1093|0|0|0|27998|720|1280
1|349|1093|0|0|0|27998|720|1280
0|223|789|0|0|0|28017|720|1280
1|223|789|0|0|0|28018|720|1280
0|330|879|0|0|0|28123|720|1280
1|330|879|0|0|0|28124|720|1280
0|441|780|0|0|0|28151|720|1280
1|441|780|0|0|0|28152|720|1280
0|482|742|0|0|0|28249|720|1280
1|482|742|0|0|0|28250|720|1280
0|349|1093|0|0|0|28250|720|1280
1|349|1093|0|0|0|28250|720|1280
0|223|789|0|0|0|28279|720|1280
1|223|789|0|0|0|28280|720|1280
0|330|879|0|0|0|28389|720|1280
1|330|879|0|0|0|28390|720|1280
0|441|780|0|0|0|28399|720|1280
1|441|780|0|0|0|28400|720|1280
0|482|742|0|0|0|28509|720|1280
1|482|742|0|0|0|28509|720|1280
0|349|1093|0|0|0|28509|720|1280
1|349|1093|0|0|0|28509|720|1280
0|223|789|0|0|0|28538|720|1280
1|223|789|0|0|0|28539|720|1280
0|330|879|0|0|0|28633|720|1280
1|330|879|0|0|0|28633|720|1280
0|441|780|0|0|0|28664|720|1280
1|441|780|0|0|0|28665|720|1280
0|482|742|0|0|0|28777|720|1280
1|482|742|0|0|0|28777|720|1280
0|349|1093|0|0|0|28778|720|1280
1|349|1093|0|0|0|28778|720|1280
0|223|789|0|0|0|28788|720|1280
1|223|789|0|0|0|28789|720|1280
0|330|879|0|0|0|28903|720|1280
1|330|879|0|0|0|28904|720|1280
0|441|780|0|0|0|28933|720|1280
1|441|780|0|0|0|28934|720|1280
0|482|742|0|0|0|29024|720|1280
1|482|742|0|0|0|29024|720|1280
0|349|1093|0|0|0|29024|720|1280
1|349|1093|0|0|0|29024|720|1280
0|223|789|0|0|0|29059|720|1280
1|223|789|0|0|0|29059|720|1280
0|330|879|0|0|0|29163|720|1280
1|330|879|0|0|0|29164|720|1280
0|441|780|0|0|0|29183|720|1280
1|441|780|0|0|0|29184|720|1280
0|482|742|0|0|0|29287|720|1280
1|482|742|0|0|0|29288|720|1280
0|349|1093|0|0|0|29288|720|1280
1|349|1093|0|0|0|29288|720|1280
0|223|789|0|0|0|29323|720|1280
1|223|789|0|0|0|29324|720|1280
0|330|879|0|0|0|29413|720|1280
1|330|879|0|0|0|29413|720|1280
0|441|780|0|0|0|29449|720|1280
1|441|780|0|0|0|29449|720|1280
0|482|742|0|0|0|29557|720|1280
1|482|742|0|0|0|29557|720|1280
0|349|1093|0|0|0|29557|720|1280
1|349|1093|0|0|0|29557|720|1280
0|223|789|0|0|0|29577|720|1280
1|223|789|0|0|0|29577|720|1280
0|330|879|0|0|0|29678|720|1280
1|330|879|0|0|0|29678|720|1280
0|441|780|0|0|0|29716|720|1280
1|441|780|0|0|0|29716|720|1280
0|482|742|0|0|0|29807|720|1280
1|482|742|0|0|0|29807|720|1280
0|349|1093|0|0|0|29807|720|1280
1|349|1093|0|0|0|29807|720|1280
0|223|789|0|0|0|29837|720|1280
1|223|789|0|0|0|29837|720|1280
0|330|879|0|0|0|29952|720|1280
1|330|879|0|0|0|29952|720|1280
0|441|780|0|0|0|29962|720|1280
1|441|780|0|0|0|29962|720|1280
0|482|742|0|0|0|30077|720|1280
1|482|742|0|0|0|30077|720|1280
0|349|1093|0|0|0|30077|720|1280
1|349|1093|0|0|0|30077|720|1280
0|223|789|0|0|0|30100|720|1280
1|223|789|0|0|0|30100|720|1280
0|330|879|0|0|0|30192|720|1280
1|330|879|0|0|0|30192|720|1280
0|441|780|0|0|0|30224|720|1280
1|441|780|0|0|0|30224|720|1280
0|482|742|0|0|0|30341|720|1280
1|482|742|0|0|0|30341|720|1280
0|349|1093|0|0|0|30341|720|1280
1|349|1093|0|0|0|30341|720|1280
0|223|789|0|0|0|30350|720|1280
1|223|789|0|0|0|30350|720|1280
0|330|879|0|0|0|30462|720|1280
1|330|879|0|0|0|30462|720|1280
0|441|780|0|0|0|30494|720|1280
1|441|780|0|0|0|30494|720|1280
0|482|742|0|0|0|30584|720|1280
1|482|742|0|0|0|30584|720|1280
0|349|1093|0|0|0|30584|720|1280
1|349|1093|0|0|0|30584|720|1280
0|223|789|0|0|0|30619|720|1280
1|223|789|0|0|0|30619|720|1280
0|330|879|0|0|0|30726|720|1280
1|330|879|0|0|0|30726|720|1280
0|441|780|0|0|0|30746|720|1280
1|441|780|0|0|0|30746|720|1280
0|482|742|0|0|0|30850|720|1280
1|482|742|0|0|0|30850|720|1280
0|349|1093|0|0|0|30850|720|1280
1|349|1093|0|0|0|30850|720|1280
0|223|789|0|0|0|30888|720|1280
1|223|789|0|0|0|30888|720|1280
0|330|879|0|0|0|30973|720|1280
1|330|879|0|0|0|30973|720|1280
0|441|780|0|0|0|31013|720|1280
1|441|780|0|0|0|31013|720|1280
0|482|742|0|0|0|31113|720|1280
1|482|742|0|0|0|31113|720|1280
0|349|1093|0|0|0|31113|720|1280
1|349|1093|0|0|0|31113|720|1280
0|223|789|0|0|0|31133|720|1280
1|223|789|0|0|0|31133|720|1280
0|330|879|0|0|0|31243|720|1280
1|330|879|0|0|0|31243|720|1280
0|441|780|0|0|0|31271|720|1280
1|441|780|0|0|0|31271|720|1280
0|482|742|0|0|0|31367|720|1280
1|482|742|0|0|0|31367|720|1280
0|349|1093|0|0|0|31367|720|1280
1|349|1093|0|0|0|31368|720|1280
0|223|789|0|0|0|31399|720|1280
1|223|789|0|0|0|31399|720|1280
0|330|879|0|0|0|31511|720|1280
1|330|879|0|0|0|31511|720|1280
0|441|780|0|0|0|31521|720|1280
1|441|780|0|0|0|31521|720|1280
0|482|742|0|0|0|31636|720|1280
1|482|742|0|0|0|31636|720|1280
0|349|1093|0|0|0|31636|720|1280
1|349|1093|0|0|0|31636|720|1280
0|223|789|0|0|0|31661|720|1280
1|223|789|0|0|0|31661|720|1280
0|330|879|0|0|0|31761|720|1280
1|330|879|0|0|0|31761|720|1280
0|441|780|0|0|0|31783|720|1280
1|441|780|0|0|0|31783|720|1280
0|482|742|0|0|0|31899|720|1280
1|482|742|0|0|0|31899|720|1280
0|349|1093|0|0|0|31899|720|1280
1|349|1093|0|0|0|31899|720|1280
0|223|789|0|0|0|31908|720|1280
1|223|789|0|0|0|31908|720|1280
0|330|879|0|0|0|32018|720|1280
1|330|879|0|0|0|32018|720|1280
0|441|780|0|0|0|32053|720|1280
1|441|780|0|0|0|32053|720|1280
0|482|742|0|0|0|32147|720|1280
1|482|742|0|0|0|32148|720|1280
0|349|1093|0|0|0|32148|720|1280
1|349|1093|0|0|0|32148|720|1280
0|223|789|0|0|0|32173|720|1280
1|223|789|0|0|0|32173|720|1280
0|330|879|0|0|0|32283|720|1280
1|330|879|0|0|0|32283|720|1280
0|441|780|0|0|0|32303|720|1280
1|441|780|0|0|0|32303|720|1280
0|482|742|0|0|0|32407|720|1280
1|482|742|0|0|0|32407|720|1280
0|349|1093|0|0|0|32407|720|1280
1|349|1093|0|0|0|32408|720|1280
0|223|789|0|0|0|32445|720|1280
1|223|789|0|0|0|32445|720|1280
0|330|879|0|0|0|32533|720|1280
1|330|879|0|0|0|32533|720|1280
0|441|780|0|0|0|32563|720|1280
1|441|780|0|0|0|32563|720|1280
0|482|742|0|0|0|32677|720|1280
1|482|742|0|0|0|32677|720|1280
0|349|1093|0|0|0|32677|720|1280
1|349|1093|0|0|0|32677|720|1280
0|223|789|0|0|0|32689|720|1280
1|223|789|0|0|0|32689|720|1280
0|330|879|0|0|0|32804|720|1280
1|330|879|0|0|0|32804|720|1280
0|441|780|0|0|0|32833|720|1280
1|441|780|0|0|0|32834|720|1280
0|482|742|0|0|0|32929|720|1280
1|482|742|0|0|0|32930|720|1280
0|349|1093|0|0|0|32930|720|1280
1|349|1093|0|0|0|32930|720|1280
0|223|789|0|0|0|32959|720|1280
1|223|789|0|0|0|32960|720|1280
0|330|879|0|0|0|33071|720|1280
1|330|879|0|0|0|33072|720|1280
0|441|780|0|0|0|33078|720|1280
1|441|780|0|0|0|33079|720|1280
0|482|742|0|0|0|33196|720|1280
1|482|742|0|0|0|33197|720|1280
0|349|1093|0|0|0|33197|720|1280
1|349|1093|0|0|0|33197|720|1280
0|223|789|0|0|0|33221|720|1280
1|223|789|0|0|0|33222|720|1280
0|330|879|0|0|0|33313|720|1280
1|330|879|0|0|0|33314|720|1280
0|441|780|0|0|0|33343|720|1280
1|441|780|0|0|0|33344|720|1280
0|482|742|0|0|0|33455|720|1280
1|482|742|0|0|0|33456|720|1280
0|349|1093|0|0|0|33456|720|1280
1|349|1093|0|0|0|33456|720|1280
0|223|789|0|0|0|33470|720|1280
1|223|789|0|0|0|33471|720|1280
0|330|879|0|0|0|33578|720|1280
1|330|879|0|0|0|33579|720|1280
0|441|780|0|0|0|33613|720|1280
1|441|780|0|0|0|33614|720|1280
0|482|742|0|0|0|33711|720|1280
1|482|742|0|0|0|33712|720|1280
0|349|1093|0|0|0|33712|720|1280
1|349|1093|0|0|0|33712|720|1280
0|223|789|0|0|0|33736|720|1280
1|223|789|0|0|0|33737|720|1280
0|330|879|0|0|0|33843|720|1280
1|330|879|0|0|0|33844|720|1280
0|441|780|0|0|0|33863|720|1280
1|441|780|0|0|0|33864|720|1280
0|482|742|0|0|0|33967|720|1280
1|482|742|0|0|0|33968|720|1280
0|349|1093|0|0|0|33968|720|1280
1|349|1093|0|0|0|33968|720|1280
0|223|789|0|0|0|34001|720|1280
1|223|789|0|0|0|34002|720|1280
0|330|879|0|0|0|34094|720|1280
1|330|879|0|0|0|34095|720|1280
0|441|780|0|0|0|34124|720|1280
1|441|780|0|0|0|34125|720|1280
0|482|742|0|0|0|34234|720|1280
1|482|742|0|0|0|34235|720|1280
0|349|1093|0|0|0|34235|720|1280
1|349|1093|0|0|0|34235|720|1280
0|223|789|0|0|0|34254|720|1280
1|223|789|0|0|0|34255|720|1280
0|330|879|0|0|0|34364|720|1280
1|330|879|0|0|0|34365|720|1280
0|441|780|0|0|0|34393|720|1280
1|441|780|0|0|0|34394|720|1280
0|482|742|0|0|0|34487|720|1280
1|482|742|0|0|0|34488|720|1280
0|349|1093|0|0|0|34488|720|1280
1|349|1093|0|0|0|34488|720|1280
0|223|789|0|0|0|34517|720|1280
1|223|789|0|0|0|34518|720|1280
0|330|879|0|0|0|34630|720|1280
1|330|879|0|0|0|34631|720|1280
0|441|780|0|0|0|34640|720|1280
1|441|780|0|0|0|34641|720|1280
0|482|742|0|0|0|34756|720|1280
1|482|742|0|0|0|34757|720|1280
0|349|1093|0|0|0|34757|720|1280
1|349|1093|0|0|0|34757|720|1280
0|223|789|0|0|0|34781|720|1280
1|223|789|0|0|0|34782|720|1280
0|330|879|0|0|0|34881|720|1280
1|330|879|0|0|0|34882|720|1280
0|441|780|0|0|0|34903|720|1280
1|441|780|0|0|0|34904|720|1280
0|482|742|0|0|0|35014|720|1280
1|482|742|0|0|0|35015|720|1280
0|349|1093|0|0|0|35015|720|1280
1|349|1093|0|0|0|35015|720|1280
0|223|789|0|0|0|35029|720|1280
1|223|789|0|0|0|35030|720|1280
0|330|879|0|0|0|35143|720|1280
1|330|879|0|0|0|35144|720|1280
0|441|780|0|0|0|35169|720|1280
1|441|780|0|0|0|35170|720|1280
0|482|742|0|0|0|35264|720|1280
1|482|742|0|0|0|35264|720|1280
0|349|1093|0|0|0|35264|720|1280
1|349|1093|0|0|0|35265|720|1280
0|223|789|0|0|0|35298|720|1280
1|223|789|0|0|0|35299|720|1280
0|330|879|0|0|0|35402|720|1280
1|330|879|0|0|0|35403|720|1280
0|441|780|0|0|0|35422|720|1280
1|441|780|0|0|0|35423|720|1280
0|482|742|0|0|0|35529|720|1280
1|482|742|0|0|0|35530|720|1280
0|349|1093|0|0|0|35530|720|1280
1|349|1093|0|0|0|35530|720|1280
0|223|789|0|0|0|35567|720|1280
1|223|789|0|0|0|35568|720|1280
0|330|879|0|0|0|35654|720|1280
1|330|879|0|0|0|35654|720|1280
0|441|780|0|0|0|35688|720|1280
1|441|780|0|0|0|35688|720|1280
0|482|742|0|0|0|35797|720|1280
1|482|742|0|0|0|35797|720|1280
0|349|1093|0|0|0|35797|720|1280
1|349|1093|0|0|0|35797|720|1280
0|223|789|0|0|0|35817|720|1280
1|223|789|0|0|0|35817|720|1280
0|330|879|0|0|0|35924|720|1280
1|330|879|0|0|0|35924|720|1280
0|441|780|0|0|0|35954|720|1280
1|441|780|0|0|0|35954|720|1280
0|482|742|0|0|0|36047|720|1280
1|482|742|0|0|0|36047|720|1280
0|349|1093|0|0|0|36047|720|1280
1|349|1093|0|0|0|36047|720|1280
0|223|789|0|0|0|36077|720|1280
1|223|789|0|0|0|36077|720|1280
0|330|879|0|0|0|36183|720|1280
1|330|879|0|0|0|36183|720|1280
0|441|780|0|0|0|36203|720|1280
1|441|780|0|0|0|36203|720|1280
0|482|742|0|0|0|36308|720|1280
1|482|742|0|0|0|36308|720|1280
0|349|1093|0|0|0|36308|720|1280
1|349|1093|0|0|0|36308|720|1280
0|223|789|0|0|0|36342|720|1280
1|223|789|0|0|0|36342|720|1280
0|330|879|0|0|0|36441|720|1280
1|330|879|0|0|0|36441|720|1280
0|441|780|0|0|0|36463|720|1280
1|441|780|0|0|0|36463|720|1280
0|482|742|0|0|0|36573|720|1280
1|482|742|0|0|0|36573|720|1280
0|349|1093|0|0|0|36573|720|1280
1|349|1093|0|0|0|36573|720|1280
0|223|789|0|0|0|36588|720|1280
1|223|789|0|0|0|36588|720|1280
0|330|879|0|0|0|36703|720|1280
1|330|879|0|0|0|36703|720|1280
0|441|780|0|0|0|36735|720|1280
1|441|780|0|0|0|36735|720|1280
0|482|742|0|0|0|36824|720|1280
1|482|742|0|0|0|36824|720|1280
0|349|1093|0|0|0|36824|720|1280
1|349|1093|0|0|0|36824|720|1280
0|223|789|0|0|0|36859|720|1280
1|223|789|0|0|0|36860|720|1280
0|330|879|0|0|0|36965|720|1280
1|330|879|0|0|0|36966|720|1280
0|441|780|0|0|0|36985|720|1280
1|441|780|0|0|0|36986|720|1280
0|482|742|0|0|0|37087|720|1280
1|482|742|0|0|0|37088|720|1280
0|349|1093|0|0|0|37088|720|1280
1|349|1093|0|0|0|37088|720|1280
0|223|789|0|0|0|37125|720|1280
1|223|789|0|0|0|37126|720|1280
0|330|879|0|0|0|37212|720|1280
1|330|879|0|0|0|37213|720|1280
0|441|780|0|0|0|37252|720|1280
1|441|780|0|0|0|37253|720|1280
0|482|742|0|0|0|37359|720|1280
1|482|742|0|0|0|37360|720|1280
0|349|1093|0|0|0|37360|720|1280
1|349|1093|0|0|0|37360|720|1280
0|223|789|0|0|0|37369|720|1280
1|223|789|0|0|0|37370|720|1280
0|330|879|0|0|0|37482|720|1280
1|330|879|0|0|0|37483|720|1280
0|441|780|0|0|0|37518|720|1280
1|441|780|0|0|0|37519|720|1280
0|482|742|0|0|0|37609|720|1280
1|482|742|0|0|0|37610|720|1280
0|349|1093|0|0|0|37610|720|1280
1|349|1093|0|0|0|37610|720|1280
0|223|789|0|0|0|37639|720|1280
1|223|789|0|0|0|37640|720|1280
0|330|879|0|0|0|37746|720|1280
1|330|879|0|0|0|37747|720|1280
0|441|780|0|0|0|37766|720|1280
1|441|780|0|0|0|37767|720|1280
0|482|742|0|0|0|37868|720|1280
1|482|742|0|0|0|37869|720|1280
0|349|1093|0|0|0|37869|720|1280
1|349|1093|0|0|0|37869|720|1280
0|223|789|0|0|0|37898|720|1280
1|223|789|0|0|0|37899|720|1280
0|330|879|0|0|0|37993|720|1280
1|330|879|0|0|0|37994|720|1280
0|441|780|0|0|0|38025|720|1280
1|441|780|0|0|0|38026|720|1280
0|482|742|0|0|0|38137|720|1280
1|482|742|0|0|0|38138|720|1280
0|349|1093|0|0|0|38138|720|1280
1|349|1093|0|0|0|38138|720|1280
0|223|789|0|0|0|38149|720|1280
1|223|789|0|0|0|38150|720|1280
0|330|879|0|0|0|38261|720|1280
1|330|879|0|0|0|38262|720|1280
0|441|780|0|0|0|38293|720|1280
1|441|780|0|0|0|38294|720|1280
0|482|742|0|0|0|38388|720|1280
1|482|742|0|0|0|38389|720|1280
0|349|1093|0|0|0|38389|720|1280
1|349|1093|0|0|0|38389|720|1280
0|223|789|0|0|0|38420|720|1280
1|223|789|0|0|0|38421|720|1280
0|330|879|0|0|0|38525|720|1280
1|330|879|0|0|0|38526|720|1280
0|441|780|0|0|0|38545|720|1280
1|441|780|0|0|0|38546|720|1280
0|482|742|0|0|0|38647|720|1280
1|482|742|0|0|0|38648|720|1280
0|349|1093|0|0|0|38648|720|1280
1|349|1093|0|0|0|38648|720|1280
0|223|789|0|0|0|38685|720|1280
1|223|789|0|0|0|38686|720|1280
0|330|879|0|0|0|38774|720|1280
1|330|879|0|0|0|38775|720|1280
0|441|780|0|0|0|38804|720|1280
1|441|780|0|0|0|38805|720|1280
0|482|742|0|0|0|38917|720|1280
1|482|742|0|0|0|38918|720|1280
0|349|1093|0|0|0|38918|720|1280
1|349|1093|0|0|0|38918|720|1280
0|223|789|0|0|0|38937|720|1280
1|223|789|0|0|0|38938|720|1280
0|330|879|0|0|0|39042|720|1280
1|330|879|0|0|0|39043|720|1280
0|441|780|0|0|0|39070|720|1280
1|441|780|0|0|0|39071|720|1280
0|482|742|0|0|0|39169|720|1280
1|482|742|0|0|0|39170|720|1280
0|349|1093|0|0|0|39170|720|1280
1|349|1093|0|0|0|39170|720|1280
0|223|789|0|0|0|39193|720|1280
1|223|789|0|0|0|39194|720|1280
0|330|879|0|0|0|39311|720|1280
1|330|879|0|0|0|39312|720|1280
0|441|780|0|0|0|39319|720|1280
1|441|780|0|0|0|39320|720|1280
0|482|742|0|0|0|39436|720|1280
1|482|742|0|0|0|39437|720|1280
0|349|1093|0|0|0|39437|720|1280
1|349|1093|0|0|0|39437|720|1280
0|223|789|0|0|0|39459|720|1280
1|223|789|0|0|0|39460|720|1280
0|330|879|0|0|0|39561|720|1280
1|330|879|0|0|0|39562|720|1280
0|441|780|0|0|0|39585|720|1280
1|441|780|0|0|0|39586|720|1280
0|482|742|0|0|0|39692|720|1280
1|482|742|0|0|0|39693|720|1280
0|349|1093|0|0|0|39693|720|1280
1|349|1093|0|0|0|39693|720|1280
0|223|789|0|0|0|39710|720|1280
1|223|789|0|0|0|39711|720|1280
0|330|879|0|0|0|39820|720|1280
1|330|879|0|0|0|39821|720|1280
0|441|780|0|0|0|39855|720|1280
1|441|780|0|0|0|39856|720|1280
0|482|742|0|0|0|39951|720|1280
1|482|742|0|0|0|39952|720|1280
0|349|1093|0|0|0|39952|720|1280
1|349|1093|0|0|0|39952|720|1280
0|223|789|0|0|0|39977|720|1280
1|223|789|0|0|0|39978|720|1280
0|330|879|0|0|0|40082|720|1280
1|330|879|0|0|0|40083|720|1280
0|441|780|0|0|0|40102|720|1280
1|441|780|0|0|0|40103|720|1280
0|482|742|0|0|0|40207|720|1280
1|482|742|0|0|0|40208|720|1280
0|349|1093|0|0|0|40208|720|1280
1|349|1093|0|0|0|40208|720|1280
0|223|789|0|0|0|40239|720|1280
1|223|789|0|0|0|40240|720|1280
0|330|879|0|0|0|40334|720|1280
1|330|879|0|0|0|40335|720|1280
0|441|780|0|0|0|40364|720|1280
1|441|780|0|0|0|40365|720|1280
0|482|742|0|0|0|40477|720|1280
1|482|742|0|0|0|40477|720|1280
0|349|1093|0|0|0|40477|720|1280
1|349|1093|0|0|0|40477|720|1280
0|223|789|0|0|0|40497|720|1280
1|223|789|0|0|0|40497|720|1280
0|330|879|0|0|0|40602|720|1280
1|330|879|0|0|0|40602|720|1280
0|441|780|0|0|0|40638|720|1280
1|441|780|0|0|0|40638|720|1280
0|482|742|0|0|0|40729|720|1280
1|482|742|0|0|0|40729|720|1280
0|349|1093|0|0|0|40729|720|1280
1|349|1093|0|0|0|40729|720|1280
0|223|789|0|0|0|40759|720|1280
1|223|789|0|0|0|40759|720|1280
0|330|879|0|0|0|40870|720|1280
1|330|879|0|0|0|40871|720|1280
0|441|780|0|0|0|40880|720|1280
1|441|780|0|0|0|40881|720|1280
0|482|742|0|0|0|40987|720|1280
1|482|742|0|0|0|40988|720|1280
0|349|1093|0|0|0|40988|720|1280
1|349|1093|0|0|0|40988|720|1280
0|223|789|0|0|0|41021|720|1280
1|223|789|0|0|0|41022|720|1280
0|330|879|0|0|0|41113|720|1280
1|330|879|0|0|0|41114|720|1280
0|441|780|0|0|0|41145|720|1280
1|441|780|0|0|0|41146|720|1280
0|482|742|0|0|0|41253|720|1280
1|482|742|0|0|0|41254|720|1280
0|349|1093|0|0|0|41254|720|1280
1|349|1093|0|0|0|41254|720|1280
0|223|789|0|0|0|41268|720|1280
1|223|789|0|0|0|41269|720|1280
0|330|879|0|0|0|41383|720|1280
1|330|879|0|0|0|41384|720|1280
0|441|780|0|0|0|41415|720|1280
1|441|780|0|0|0|41416|720|1280
0|482|742|0|0|0|41511|720|1280
1|482|742|0|0|0|41512|720|1280
0|349|1093|0|0|0|41512|720|1280
1|349|1093|0|0|0|41512|720|1280
0|223|789|0|0|0|41540|720|1280
1|223|789|0|0|0|41541|720|1280
0|330|879|0|0|0|41645|720|1280
1|330|879|0|0|0|41646|720|1280
0|441|780|0|0|0|41665|720|1280
1|441|780|0|0|0|41666|720|1280
0|482|742|0|0|0|41768|720|1280
1|482|742|0|0|0|41769|720|1280
0|349|1093|0|0|0|41769|720|1280
1|349|1093|0|0|0|41769|720|1280
0|223|789|0|0|0|41806|720|1280
1|223|789|0|0|0|41807|720|1280
0|330|879|0|0|0|41894|720|1280
1|330|879|0|0|0|41895|720|1280
0|441|780|0|0|0|41924|720|1280
1|441|780|0|0|0|41925|720|1280
0|482|742|0|0|0|42037|720|1280
1|482|742|0|0|0|42038|720|1280
0|349|1093|0|0|0|42038|720|1280
1|349|1093|0|0|0|42038|720|1280
0|223|789|0|0|0|42049|720|1280
1|223|789|0|0|0|42050|720|1280
0|330|879|0|0|0|42165|720|1280
1|330|879|0|0|0|42165|720|1280
0|441|780|0|0|0|42193|720|1280
1|441|780|0|0|0|42194|720|1280
0|482|742|0|0|0|42287|720|1280
1|482|742|0|0|0|42288|720|1280
0|349|1093|0|0|0|42288|720|1280
1|349|1093|0|0|0|42288|720|1280
0|223|789|0|0|0|42317|720|1280
1|223|789|0|0|0|42318|720|1280
0|330|879|0|0|0|42425|720|1280
1|330|879|0|0|0|42425|720|1280
0|441|780|0|0|0|42444|720|1280
1|441|780|0|0|0|42445|720|1280
0|482|742|0|0|0|42556|720|1280
1|482|742|0|0|0|42557|720|1280
0|349|1093|0|0|0|42557|720|1280
1|349|1093|0|0|0|42557|720|1280
0|223|789|0|0|0|42581|720|1280
1|223|789|0|0|0|42581|720|1280
0|330|879|0|0|0|42672|720|1280
1|330|879|0|0|0|42673|720|1280
0|441|780|0|0|0|42704|720|1280
1|441|780|0|0|0|42705|720|1280
0|482|742|0|0|0|42815|720|1280
1|482|742|0|0|0|42816|720|1280
0|349|1093|0|0|0|42816|720|1280
1|349|1093|0|0|0|42816|720|1280
0|223|789|0|0|0|42831|720|1280
1|223|789|0|0|0|42831|720|1280
0|330|879|0|0|0|42940|720|1280
1|330|879|0|0|0|42941|720|1280
0|441|780|0|0|0|42973|720|1280
1|441|780|0|0|0|42974|720|1280
0|482|742|0|0|0|43063|720|1280
1|482|742|0|0|0|43064|720|1280
0|349|1093|0|0|0|43064|720|1280
1|349|1093|0|0|0|43064|720|1280
0|223|789|0|0|0|43098|720|1280
1|223|789|0|0|0|43099|720|1280
0|330|879|0|0|0|43205|720|1280
1|330|879|0|0|0|43206|720|1280
0|441|780|0|0|0|43225|720|1280
1|441|780|0|0|0|43226|720|1280
0|482|742|0|0|0|43329|720|1280
1|482|742|0|0|0|43330|720|1280
0|349|1093|0|0|0|43330|720|1280
1|349|1093|0|0|0|43330|720|1280
0|223|789|0|0|0|43367|720|1280
1|223|789|0|0|0|43368|720|1280
0|330|879|0|0|0|43453|720|1280
1|330|879|0|0|0|43454|720|1280
0|441|780|0|0|0|43483|720|1280
1|441|780|0|0|0|43484|720|1280
0|482|742|0|0|0|43597|720|1280
1|482|742|0|0|0|43598|720|1280
0|349|1093|0|0|0|43598|720|1280
1|349|1093|0|0|0|43598|720|1280
0|223|789|0|0|0|43617|720|1280
1|223|789|0|0|0|43618|720|1280
0|330|879|0|0|0|43721|720|1280
1|330|879|0|0|0|43722|720|1280
0|441|780|0|0|0|43749|720|1280
1|441|780|0|0|0|43750|720|1280
0|482|742|0|0|0|43846|720|1280
1|482|742|0|0|0|43847|720|1280
0|349|1093|0|0|0|43847|720|1280
1|349|1093|0|0|0|43847|720|1280
0|223|789|0|0|0|43876|720|1280
1|223|789|0|0|0|43877|720|1280
0|330|879|0|0|0|43987|720|1280
1|330|879|0|0|0|43988|720|1280
0|441|780|0|0|0|44007|720|1280
1|441|780|0|0|0|44008|720|1280
0|482|742|0|0|0|44107|720|1280
1|482|742|0|0|0|44108|720|1280
0|349|1093|0|0|0|44108|720|1280
1|349|1093|0|0|0|44108|720|1280
0|223|789|0|0|0|44141|720|1280
1|223|789|0|0|0|44142|720|1280
0|330|879|0|0|0|44233|720|1280
1|330|879|0|0|0|44234|720|1280
0|441|780|0|0|0|44265|720|1280
1|441|780|0|0|0|44266|720|1280
0|482|742|0|0|0|44375|720|1280
1|482|742|0|0|0|44376|720|1280
0|349|1093|0|0|0|44376|720|1280
1|349|1093|0|0|0|44376|720|1280
0|223|789|0|0|0|44390|720|1280
1|223|789|0|0|0|44391|720|1280
0|330|879|0|0|0|44500|720|1280
1|330|879|0|0|0|44501|720|1280
0|441|780|0|0|0|44533|720|1280
1|441|780|0|0|0|44534|720|1280
0|482|742|0|0|0|44623|720|1280
1|482|742|0|0|0|44624|720|1280
0|349|1093|0|0|0|44624|720|1280
1|349|1093|0|0|0|44624|720|1280
0|223|789|0|0|0|44658|720|1280
1|223|789|0|0|0|44659|720|1280
0|330|879|0|0|0|44763|720|1280
1|330|879|0|0|0|44763|720|1280
0|441|780|0|0|0|44783|720|1280
1|441|780|0|0|0|44783|720|1280
0|482|742|0|0|0|44889|720|1280
1|482|742|0|0|0|44889|720|1280
0|349|1093|0|0|0|44889|720|1280
1|349|1093|0|0|0|44889|720|1280
0|223|789|0|0|0|44927|720|1280
1|223|789|0|0|0|44927|720|1280
0|330|879|0|0|0|45015|720|1280
1|330|879|0|0|0|45015|720|1280
0|441|780|0|0|0|45045|720|1280
1|441|780|0|0|0|45045|720|1280
0|482|742|0|0|0|45157|720|1280
1|482|742|0|0|0|45157|720|1280
0|349|1093|0|0|0|45157|720|1280
1|349|1093|0|0|0|45157|720|1280
0|223|789|0|0|0|45175|720|1280
1|223|789|0|0|0|45175|720|1280
0|330|879|0|0|0|45283|720|1280
1|330|879|0|0|0|45283|720|1280
0|441|780|0|0|0|45309|720|1280
1|441|780|0|0|0|45309|720|1280
0|482|742|0|0|0|45407|720|1280
1|482|742|0|0|0|45408|720|1280
0|349|1093|0|0|0|45408|720|1280
1|349|1093|0|0|0|45408|720|1280
0|223|789|0|0|0|45437|720|1280
1|223|789|0|0|0|45438|720|1280
0|330|879|0|0|0|45547|720|1280
1|330|879|0|0|0|45548|720|1280
0|441|780|0|0|0|45567|720|1280
1|441|780|0|0|0|45568|720|1280
0|482|742|0|0|0|45672|720|1280
1|482|742|0|0|0|45672|720|1280
0|349|1093|0|0|0|45673|720|1280
1|349|1093|0|0|0|45673|720|1280
0|223|789|0|0|0|45701|720|1280
1|223|789|0|0|0|45702|720|1280
0|330|879|0|0|0|45793|720|1280
1|330|879|0|0|0|45794|720|1280
0|441|780|0|0|0|45824|720|1280
1|441|780|0|0|0|45825|720|1280
0|482|742|0|0|0|45940|720|1280
1|482|742|0|0|0|45941|720|1280
0|349|1093|0|0|0|45941|720|1280
1|349|1093|0|0|0|45941|720|1280
0|223|789|0|0|0|45949|720|1280
1|223|789|0|0|0|45950|720|1280
0|330|879|0|0|0|46062|720|1280
1|330|879|0|0|0|46063|720|1280
0|441|780|0|0|0|46094|720|1280
1|441|780|0|0|0|46095|720|1280
0|482|742|0|0|0|46182|720|1280
1|482|742|0|0|0|46183|720|1280
0|349|1093|0|0|0|46183|720|1280
1|349|1093|0|0|0|46183|720|1280
0|223|789|0|0|0|46220|720|1280
1|223|789|0|0|0|46221|720|1280
0|330|879|0|0|0|46323|720|1280
1|330|879|0|0|0|46324|720|1280
0|441|780|0|0|0|46339|720|1280
1|441|780|0|0|0|46340|720|1280
0|482|742|0|0|0|46449|720|1280
1|482|742|0|0|0|46450|720|1280
0|349|1093|0|0|0|46450|720|1280
1|349|1093|0|0|0|46450|720|1280
0|223|789|0|0|0|46483|720|1280
1|223|789|0|0|0|46483|720|1280
0|330|879|0|0|0|46573|720|1280
1|330|879|0|0|0|46574|720|1280
0|441|780|0|0|0|46603|720|1280
1|441|780|0|0|0|46604|720|1280
0|482|742|0|0|0|46697|720|1280
1|482|742|0|0|0|46698|720|1280
0|349|1093|0|0|0|46698|720|1280
1|349|1093|0|0|0|46698|720|1280
0|223|789|0|0|0|46737|720|1280
1|223|789|0|0|0|46738|720|1280
0|330|879|0|0|0|46844|720|1280
1|330|879|0|0|0|46845|720|1280
0|441|780|0|0|0|46854|720|1280
1|441|780|0|0|0|46855|720|1280
0|482|742|0|0|0|46968|720|1280
1|482|742|0|0|0|46969|720|1280
0|349|1093|0|0|0|46969|720|1280
1|349|1093|0|0|0|46969|720|1280
0|223|789|0|0|0|46998|720|1280
1|223|789|0|0|0|46999|720|1280
0|330|879|0|0|0|47091|720|1280
1|330|879|0|0|0|47092|720|1280
0|441|780|0|0|0|47121|720|1280
1|441|780|0|0|0|47122|720|1280
0|482|742|0|0|0|47228|720|1280
1|482|742|0|0|0|47229|720|1280
0|349|1093|0|0|0|47229|720|1280
1|349|1093|0|0|0|47229|720|1280
0|223|789|0|0|0|47248|720|1280
1|223|789|0|0|0|47249|720|1280
0|330|879|0|0|0|47356|720|1280
1|330|879|0|0|0|47357|720|1280
0|441|780|0|0|0|47385|720|1280
1|441|780|0|0|0|47385|720|1280
0|482|742|0|0|0|47478|720|1280
1|482|742|0|0|0|47479|720|1280
0|349|1093|0|0|0|47479|720|1280
1|349|1093|0|0|0|47479|720|1280
0|223|789|0|0|0|47510|720|1280
1|223|789|0|0|0|47511|720|1280
0|330|879|0|0|0|47620|720|1280
1|330|879|0|0|0|47621|720|1280
0|441|780|0|0|0|47635|720|1280
1|441|780|0|0|0|47636|720|1280
0|482|742|0|0|0|47747|720|1280
1|482|742|0|0|0|47748|720|1280
0|349|1093|0|0|0|47748|720|1280
1|349|1093|0|0|0|47748|720|1280
0|223|789|0|0|0|47779|720|1280
1|223|789|0|0|0|47780|720|1280
0|330|879|0|0|0|47871|720|1280
1|330|879|0|0|0|47872|720|1280
0|441|780|0|0|0|47903|720|1280
1|441|780|0|0|0|47904|720|1280
0|482|742|0|0|0|48007|720|1280
1|482|742|0|0|0|48008|720|1280
0|349|1093|0|0|0|48008|720|1280
1|349|1093|0|0|0|48008|720|1280
0|223|789|0|0|0|48023|720|1280
1|223|789|0|0|0|48024|720|1280
0|330|879|0|0|0|48132|720|1280
1|330|879|0|0|0|48133|720|1280
0|441|780|0|0|0|48172|720|1280
1|441|780|0|0|0|48173|720|1280
0|482|742|0|0|0|48259|720|1280
1|482|742|0|0|0|48260|720|1280
0|349|1093|0|0|0|48260|720|1280
1|349|1093|0|0|0|48260|720|1280
0|223|789|0|0|0|48289|720|1280
1|223|789|0|0|0|48290|720|1280
0|330|879|0|0|0|48402|720|1280
1|330|879|0|0|0|48403|720|1280
0|441|780|0|0|0|48422|720|1280
1|441|780|0|0|0|48423|720|1280
0|482|742|0|0|0|48527|720|1280
1|482|742|0|0|0|48528|720|1280
0|349|1093|0|0|0|48528|720|1280
1|349|1093|0|0|0|48528|720|1280
0|223|789|0|0|0|48557|720|1280
1|223|789|0|0|0|48558|720|1280
0|330|879|0|0|0|48651|720|1280
1|330|879|0|0|0|48652|720|1280
0|441|780|0|0|0|48682|720|1280
1|441|780|0|0|0|48682|720|1280
0|482|742|0|0|0|48789|720|1280
1|482|742|0|0|0|48789|720|1280
0|349|1093|0|0|0|48789|720|1280
1|349|1093|0|0|0|48789|720|1280
0|223|789|0|0|0|48809|720|1280
1|223|789|0|0|0|48809|720|1280
0|330|879|0|0|0|48913|720|1280
1|330|879|0|0|0|48913|720|1280
0|441|780|0|0|0|48945|720|1280
1|441|780|0|0|0|48945|720|1280
0|482|742|0|0|0|49039|720|1280
1|482|742|0|0|0|49039|720|1280
0|349|1093|0|0|0|49039|720|1280
1|349|1093|0|0|0|49039|720|1280
0|223|789|0|0|0|49070|720|1280
1|223|789|0|0|0|49070|720|1280
0|330|879|0|0|0|49182|720|1280
1|330|879|0|0|0|49182|720|1280
0|441|780|0|0|0|49194|720|1280
1|441|780|0|0|0|49194|720|1280
0|482|742|0|0|0|49306|720|1280
1|482|742|0|0|0|49306|720|1280
0|349|1093|0|0|0|49306|720|1280
1|349|1093|0|0|0|49306|720|1280
0|223|789|0|0|0|49340|720|1280
1|223|789|0|0|0|49340|720|1280
0|330|879|0|0|0|49433|720|1280
1|330|879|0|0|0|49433|720|1280
0|441|780|0|0|0|49465|720|1280
1|441|780|0|0|0|49465|720|1280
0|482|742|0|0|0|49569|720|1280
1|482|742|0|0|0|49569|720|1280
0|349|1093|0|0|0|49569|720|1280
1|349|1093|0|0|0|49569|720|1280
0|223|789|0|0|0|49583|720|1280
1|223|789|0|0|0|49583|720|1280
0|330|879|0|0|0|49695|720|1280
1|330|879|0|0|0|49695|720|1280
0|441|780|0|0|0|49725|720|1280
1|441|780|0|0|0|49725|720|1280
0|482|742|0|0|0|49817|720|1280
1|482|742|0|0|0|49817|720|1280
0|349|1093|0|0|0|49817|720|1280
1|349|1093|0|0|0|49817|720|1280
0|223|789|0|0|0|49857|720|1280
1|223|789|0|0|0|49857|720|1280
0|330|879|0|0|0|49963|720|1280
1|330|879|0|0|0|49963|720|1280
0|441|780|0|0|0|49973|720|1280
1|441|780|0|0|0|49973|720|1280
0|482|742|0|0|0|50083|720|1280
1|482|742|0|0|0|50083|720|1280
0|349|1093|0|0|0|50083|720|1280
1|349|1093|0|0|0|50083|720|1280
0|223|789|0|0|0|50118|720|1280
1|223|789|0|0|0|50118|720|1280
0|330|879|0|0|0|50212|720|1280
1|330|879|0|0|0|50212|720|1280
0|441|780|0|0|0|50244|720|1280
1|441|780|0|0|0|50244|720|1280
0|482|742|0|0|0|50352|720|1280
1|482|742|0|0|0|50352|720|1280
0|349|1093|0|0|0|50352|720|1280
1|349|1093|0|0|0|50352|720|1280
0|223|789|0|0|0|50372|720|1280
1|223|789|0|0|0|50372|720|1280
0|330|879|0|0|0|50481|720|1280
1|330|879|0|0|0|50481|720|1280
0|441|780|0|0|0|50507|720|1280
1|441|780|0|0|0|50507|720|1280
0|482|742|0|0|0|50597|720|1280
1|482|742|0|0|0|50597|720|1280
0|349|1093|0|0|0|50597|720|1280
1|349|1093|0|0|0|50597|720|1280
0|223|789|0|0|0|50629|720|1280
1|223|789|0|0|0|50629|720|1280
0|330|879|0|0|0|50743|720|1280
1|330|879|0|0|0|50743|720|1280
0|441|780|0|0|0|50755|720|1280
1|441|780|0|0|0|50755|720|1280
0|482|742|0|0|0|50867|720|1280
1|482|742|0|0|0|50867|720|1280
0|349|1093|0|0|0|50867|720|1280
1|349|1093|0|0|0|50867|720|1280
0|223|789|0|0|0|50899|720|1280
1|223|789|0|0|0|50899|720|1280
0|330|879|0|0|0|50991|720|1280
1|330|879|0|0|0|50991|720|1280
0|441|780|0|0|0|51023|720|1280
1|441|780|0|0|0|51023|720|1280
0|482|742|0|0|0|51129|720|1280
1|482|742|0|0|0|51129|720|1280
0|349|1093|0|0|0|51129|720|1280
1|349|1093|0|0|0|51129|720|1280
0|223|789|0|0|0|51149|720|1280
1|223|789|0|0|0|51149|720|1280
0|330|879|0|0|0|51254|720|1280
1|330|879|0|0|0|51254|720|1280
0|441|780|0|0|0|51284|720|1280
1|441|780|0|0|0|51284|720|1280
0|482|742|0|0|0|51378|720|1280
1|482|742|0|0|0|51378|720|1280
0|349|1093|0|0|0|51378|720|1280
1|349|1093|0|0|0|51378|720|1280
0|223|789|0|0|0|51413|720|1280
1|223|789|0|0|0|51413|720|1280
0|330|879|0|0|0|51524|720|1280
1|330|879|0|0|0|51524|720|1280
0|441|780|0|0|0|51534|720|1280
1|441|780|0|0|0|51534|720|1280
0|482|742|0|0|0|51647|720|1280
1|482|742|0|0|0|51647|720|1280
0|349|1093|0|0|0|51647|720|1280
1|349|1093|0|0|0|51647|720|1280
0|223|789|0|0|0|51675|720|1280
1|223|789|0|0|0|51675|720|1280
0|330|879|0|0|0|51772|720|1280
1|330|879|0|0|0|51772|720|1280
0|441|780|0|0|0|51802|720|1280
1|441|780|0|0|0|51802|720|1280
0|482|742|0|0|0|51916|720|1280
1|482|742|0|0|0|51916|720|1280
0|349|1093|0|0|0|51916|720|1280
1|349|1093|0|0|0|51916|720|1280
0|223|789|0|0|0|51926|720|1280
1|223|789|0|0|0|51926|720|1280
0|330|879|0|0|0|52033|720|1280
1|330|879|0|0|0|52033|720|1280
0|441|780|0|0|0|52065|720|1280
1|441|780|0|0|0|52065|720|1280
0|482|742|0|0|0|52158|720|1280
1|482|742|0|0|0|52159|720|1280
0|349|1093|0|0|0|52159|720|1280
1|349|1093|0|0|0|52159|720|1280
0|223|789|0|0|0|52188|720|1280
1|223|789|0|0|0|52188|720|1280
0|330|879|0|0|0|52298|720|1280
1|330|879|0|0|0|52298|720|1280
0|441|780|0|0|0|52313|720|1280
1|441|780|0|0|0|52313|720|1280
0|482|742|0|0|0|52427|720|1280
1|482|742|0|0|0|52427|720|1280
0|349|1093|0|0|0|52427|720|1280
1|349|1093|0|0|0|52427|720|1280
0|223|789|0|0|0|52459|720|1280
1|223|789|0|0|0|52459|720|1280
0|330|879|0|0|0|52556|720|1280
1|330|879|0|0|0|52556|720|1280
0|441|780|0|0|0|52580|720|1280
1|441|780|0|0|0|52580|720|1280
0|482|742|0|0|0|52689|720|1280
1|482|742|0|0|0|52689|720|1280
0|349|1093|0|0|0|52689|720|1280
1|349|1093|0|0|0|52689|720|1280
0|223|789|0|0|0|52708|720|1280
1|223|789|0|0|0|52709|720|1280
0|330|879|0|0|0|52812|720|1280
1|330|879|0|0|0|52813|720|1280
0|441|780|0|0|0|52852|720|1280
1|441|780|0|0|0|52853|720|1280
0|482|742|0|0|0|52939|720|1280
1|482|742|0|0|0|52940|720|1280
0|349|1093|0|0|0|52940|720|1280
1|349|1093|0|0|0|52940|720|1280
0|223|789|0|0|0|52969|720|1280
1|223|789|0|0|0|52970|720|1280
0|330|879|0|0|0|53081|720|1280
1|330|879|0|0|0|53082|720|1280
0|441|780|0|0|0|53093|720|1280
1|441|780|0|0|0|53094|720|1280
0|482|742|0|0|0|53208|720|1280
1|482|742|0|0|0|53209|720|1280
0|349|1093|0|0|0|53209|720|1280
1|349|1093|0|0|0|53209|720|1280
0|223|789|0|0|0|53238|720|1280
1|223|789|0|0|0|53239|720|1280
0|330|879|0|0|0|53332|720|1280
1|330|879|0|0|0|53333|720|1280
0|441|780|0|0|0|53362|720|1280
1|441|780|0|0|0|53363|720|1280
0|482|742|0|0|0|53476|720|1280
1|482|742|0|0|0|53477|720|1280
0|349|1093|0|0|0|53477|720|1280
1|349|1093|0|0|0|53477|720|1280
0|223|789|0|0|0|53486|720|1280
1|223|789|0|0|0|53487|720|1280
0|330|879|0|0|0|53601|720|1280
1|330|879|0|0|0|53602|720|1280
0|441|780|0|0|0|53623|720|1280
1|441|780|0|0|0|53624|720|1280
0|482|742|0|0|0|53726|720|1280
1|482|742|0|0|0|53727|720|1280
0|349|1093|0|0|0|53727|720|1280
1|349|1093|0|0|0|53727|720|1280
0|223|789|0|0|0|53748|720|1280
1|223|789|0|0|0|53749|720|1280
0|330|879|0|0|0|53862|720|1280
1|330|879|0|0|0|53863|720|1280
0|441|780|0|0|0|53874|720|1280
1|441|780|0|0|0|53875|720|1280
0|482|742|0|0|0|53986|720|1280
1|482|742|0|0|0|53987|720|1280
0|349|1093|0|0|0|53987|720|1280
1|349|1093|0|0|0|53987|720|1280
0|223|789|0|0|0|54018|720|1280
1|223|789|0|0|0|54019|720|1280
0|330|879|0|0|0|54107|720|1280
1|330|879|0|0|0|54108|720|1280
0|441|780|0|0|0|54145|720|1280
1|441|780|0|0|0|54146|720|1280
0|482|742|0|0|0|54247|720|1280
1|482|742|0|0|0|54248|720|1280
0|349|1093|0|0|0|54248|720|1280
1|349|1093|0|0|0|54248|720|1280
0|223|789|0|0|0|54267|720|1280
1|223|789|0|0|0|54268|720|1280
0|330|879|0|0|0|54374|720|1280
1|330|879|0|0|0|54375|720|1280
0|441|780|0|0|0|54404|720|1280
1|441|780|0|0|0|54405|720|1280
0|482|742|0|0|0|54499|720|1280
1|482|742|0|0|0|54500|720|1280
0|349|1093|0|0|0|54500|720|1280
1|349|1093|0|0|0|54500|720|1280
0|223|789|0|0|0|54529|720|1280
1|223|789|0|0|0|54530|720|1280
0|330|879|0|0|0|54642|720|1280
1|330|879|0|0|0|54643|720|1280
0|441|780|0|0|0|54654|720|1280
1|441|780|0|0|0|54655|720|1280
0|482|742|0|0|0|54767|720|1280
1|482|742|0|0|0|54768|720|1280
0|349|1093|0|0|0|54768|720|1280
1|349|1093|0|0|0|54768|720|1280
0|223|789|0|0|0|54797|720|1280
1|223|789|0|0|0|54798|720|1280
0|330|879|0|0|0|54891|720|1280
1|330|879|0|0|0|54892|720|1280
0|441|780|0|0|0|54921|720|1280
1|441|780|0|0|0|54922|720|1280
0|482|742|0|0|0|55028|720|1280
1|482|742|0|0|0|55029|720|1280
0|349|1093|0|0|0|55029|720|1280
1|349|1093|0|0|0|55029|720|1280
0|223|789|0|0|0|55048|720|1280
1|223|789|0|0|0|55049|720|1280
0|330|879|0|0|0|55152|720|1280
1|330|879|0|0|0|55153|720|1280
0|441|780|0|0|0|55184|720|1280
1|441|780|0|0|0|55185|720|1280
0|482|742|0|0|0|55286|720|1280
1|482|742|0|0|0|55287|720|1280
0|349|1093|0|0|0|55287|720|1280
1|349|1093|0|0|0|55287|720|1280
0|223|789|0|0|0|55308|720|1280
1|223|789|0|0|0|55309|720|1280
0|330|879|0|0|0|55422|720|1280
1|330|879|0|0|0|55423|720|1280
0|441|780|0|0|0|55434|720|1280
1|441|780|0|0|0|55435|720|1280
0|482|742|0|0|0|55544|720|1280
1|482|742|0|0|0|55544|720|1280
0|349|1093|0|0|0|55544|720|1280
1|349|1093|0|0|0|55544|720|1280
0|223|789|0|0|0|55578|720|1280
1|223|789|0|0|0|55579|720|1280
0|330|879|0|0|0|55668|720|1280
1|330|879|0|0|0|55669|720|1280
0|441|780|0|0|0|55702|720|1280
1|441|780|0|0|0|55703|720|1280
0|482|742|0|0|0|55809|720|1280
1|482|742|0|0|0|55810|720|1280
0|349|1093|0|0|0|55810|720|1280
1|349|1093|0|0|0|55810|720|1280
0|223|789|0|0|0|55829|720|1280
1|223|789|0|0|0|55830|720|1280
0|330|879|0|0|0|55932|720|1280
1|330|879|0|0|0|55933|720|1280
0|441|780|0|0|0|55970|720|1280
1|441|780|0|0|0|55971|720|1280
0|482|742|0|0|0|56057|720|1280
1|482|742|0|0|0|56058|720|1280
0|349|1093|0|0|0|56058|720|1280
1|349|1093|0|0|0|56058|720|1280
0|223|789|0|0|0|56088|720|1280
1|223|789|0|0|0|56089|720|1280
0|330|879|0|0|0|56203|720|1280
1|330|879|0|0|0|56204|720|1280
0|441|780|0|0|0|56216|720|1280
1|441|780|0|0|0|56216|720|1280
0|482|742|0|0|0|56326|720|1280
1|482|742|0|0|0|56327|720|1280
0|349|1093|0|0|0|56327|720|1280
1|349|1093|0|0|0|56327|720|1280
0|223|789|0|0|0|56357|720|1280
1|223|789|0|0|0|56357|720|1280
0|330|879|0|0|0|56453|720|1280
1|330|879|0|0|0|56454|720|1280
0|441|780|0|0|0|56482|720|1280
1|441|780|0|0|0|56483|720|1280
0|482|742|0|0|0|56597|720|1280
1|482|742|0|0|0|56597|720|1280
0|349|1093|0|0|0|56597|720|1280
1|349|1093|0|0|0|56597|720|1280
0|223|789|0|0|0|56607|720|1280
1|223|789|0|0|0|56607|720|1280
0|330|879|0|0|0|56713|720|1280
1|330|879|0|0|0|56713|720|1280
0|441|780|0|0|0|56744|720|1280
1|441|780|0|0|0|56744|720|1280
0|482|742|0|0|0|56846|720|1280
1|482|742|0|0|0|56846|720|1280
0|349|1093|0|0|0|56846|720|1280
1|349|1093|0|0|0|56846|720|1280
0|223|789|0|0|0|56871|720|1280
1|223|789|0|0|0|56871|720|1280
0|330|879|0|0|0|56983|720|1280
1|330|879|0|0|0|56983|720|1280
0|441|780|0|0|0|56995|720|1280
1|441|780|0|0|0|56995|720|1280
0|482|742|0|0|0|57107|720|1280
1|482|742|0|0|0|57107|720|1280
0|349|1093|0|0|0|57107|720|1280
1|349|1093|0|0|0|57108|720|1280
0|223|789|0|0|0|57139|720|1280
1|223|789|0|0|0|57139|720|1280
0|330|879|0|0|0|57232|720|1280
1|330|879|0|0|0|57232|720|1280
0|441|780|0|0|0|57264|720|1280
1|441|780|0|0|0|57264|720|1280
0|482|742|0|0|0|57369|720|1280
1|482|742|0|0|0|57369|720|1280
0|349|1093|0|0|0|57369|720|1280
1|349|1093|0|0|0|57369|720|1280
0|223|789|0|0|0|57389|720|1280
1|223|789|0|0|0|57389|720|1280
0|330|879|0|0|0|57495|720|1280
1|330|879|0|0|0|57495|720|1280
0|441|780|0|0|0|57531|720|1280
1|441|780|0|0|0|57531|720|1280
0|482|742|0|0|0|57618|720|1280
1|482|742|0|0|0|57618|720|1280
0|349|1093|0|0|0|57618|720|1280
1|349|1093|0|0|0|57618|720|1280
0|223|789|0|0|0|57658|720|1280
1|223|789|0|0|0|57658|720|1280
0|330|879|0|0|0|57762|720|1280
1|330|879|0|0|0|57762|720|1280
0|441|780|0|0|0|57782|720|1280
1|441|780|0|0|0|57782|720|1280
0|482|742|0|0|0|57889|720|1280
1|482|742|0|0|0|57889|720|1280
0|349|1093|0|0|0|57889|720|1280
1|349|1093|0|0|0|57889|720|1280
0|223|789|0|0|0|57919|720|1280
1|223|789|0|0|0|57919|720|1280
0|330|879|0|0|0|58013|720|1280
1|330|879|0|0|0|58013|720|1280
0|441|780|0|0|0|58043|720|1280
1|441|780|0|0|0|58043|720|1280
0|482|742|0|0|0|58149|720|1280
1|482|742|0|0|0|58149|720|1280
0|349|1093|0|0|0|58149|720|1280
1|349|1093|0|0|0|58149|720|1280
0|223|789|0|0|0|58163|720|1280
1|223|789|0|0|0|58163|720|1280
0|330|879|0|0|0|58273|720|1280
1|330|879|0|0|0|58273|720|1280
0|441|780|0|0|0|58305|720|1280
1|441|780|0|0|0|58305|720|1280
0|482|742|0|0|0|58406|720|1280
1|482|742|0|0|0|58406|720|1280
0|349|1093|0|0|0|58406|720|1280
1|349|1093|0|0|0|58406|720|1280
0|223|789|0|0|0|58431|720|1280
1|223|789|0|0|0|58431|720|1280
0|330|879|0|0|0|58542|720|1280
1|330|879|0|0|0|58542|720|1280
0|441|780|0|0|0|58554|720|1280
1|441|780|0|0|0|58554|720|1280
0|482|742|0|0|0|58669|720|1280
1|482|742|0|0|0|58669|720|1280
0|349|1093|0|0|0|58669|720|1280
1|349|1093|0|0|0|58669|720|1280
0|223|789|0|0|0|58698|720|1280
1|223|789|0|0|0|58698|720|1280
0|330|879|0|0|0|58788|720|1280
1|330|879|0|0|0|58788|720|1280
0|441|780|0|0|0|58823|720|1280
1|441|780|0|0|0|58823|720|1280
0|482|742|0|0|0|58931|720|1280
1|482|742|0|0|0|58931|720|1280
0|349|1093|0|0|0|58931|720|1280
1|349|1093|0|0|0|58932|720|1280
0|223|789|0|0|0|58951|720|1280
1|223|789|0|0|0|58951|720|1280
0|330|879|0|0|0|59055|720|1280
1|330|879|0|0|0|59055|720|1280
0|441|780|0|0|0|59085|720|1280
1|441|780|0|0|0|59085|720|1280
0|482|742|0|0|0|59177|720|1280
1|482|742|0|0|0|59177|720|1280
0|349|1093|0|0|0|59177|720|1280
1|349|1093|0|0|0|59177|720|1280
0|223|789|0|0|0|59217|720|1280
1|223|789|0|0|0|59217|720|1280
0|330|879|0|0|0|59319|720|1280
1|330|879|0|0|0|59320|720|1280
0|441|780|0|0|0|59336|720|1280
1|441|780|0|0|0|59336|720|1280
0|482|742|0|0|0|59446|720|1280
1|482|742|0|0|0|59447|720|1280
0|349|1093|0|0|0|59447|720|1280
1|349|1093|0|0|0|59447|720|1280
0|223|789|0|0|0|59478|720|1280
1|223|789|0|0|0|59479|720|1280
0|330|879|0|0|0|59571|720|1280
1|330|879|0|0|0|59572|720|1280
0|441|780|0|0|0|59602|720|1280
1|441|780|0|0|0|59602|720|1280
0|482|742|0|0|0|59707|720|1280
1|482|742|0|0|0|59708|720|1280
0|349|1093|0|0|0|59708|720|1280
1|349|1093|0|0|0|59708|720|1280
0|223|789|0|0|0|59723|720|1280
1|223|789|0|0|0|59724|720|1280
0|330|879|0|0|0|59833|720|1280
1|330|879|0|0|0|59834|720|1280
0|441|780|0|0|0|59865|720|1280
1|441|780|0|0|0|59866|720|1280
0|482|742|0|0|0|59962|720|1280
1|482|742|0|0|0|59963|720|1280
0|349|1093|0|0|0|59963|720|1280
1|349|1093|0|0|0|59963|720|1280
0|223|789|0|0|0|59990|720|1280
1|223|789|0|0|0|59991|720|1280
0|330|879|0|0|0|60102|720|1280
1|330|879|0|0|0|60103|720|1280
0|441|780|0|0|0|60114|720|1280
1|441|780|0|0|0|60115|720|1280
0|482|742|0|0|0|60231|720|1280
1|482|742|0|0|0|60232|720|1280
0|349|1093|0|0|0|60232|720|1280
1|349|1093|0|0|0|60232|720|1280
0|223|789|0|0|0|60257|720|1280
1|223|789|0|0|0|60258|720|1280
0|330|879|0|0|0|60355|720|1280
1|330|879|0|0|0|60356|720|1280
0|441|780|0|0|0|60384|720|1280
1|441|780|0|0|0|60385|720|1280
0|482|742|0|0|0|60489|720|1280
1|482|742|0|0|0|60490|720|1280
0|349|1093|0|0|0|60490|720|1280
1|349|1093|0|0|0|60490|720|1280
0|223|789|0|0|0|60504|720|1280
1|223|789|0|0|0|60504|720|1280
0|330|879|0|0|0|60615|720|1280
1|330|879|0|0|0|60615|720|1280
0|441|780|0|0|0|60648|720|1280
1|441|780|0|0|0|60648|720|1280
0|482|742|0|0|0|60737|720|1280
1|482|742|0|0|0|60738|720|1280
0|349|1093|0|0|0|60738|720|1280
1|349|1093|0|0|0|60738|720|1280
0|223|789|0|0|0|60776|720|1280
1|223|789|0|0|0|60776|720|1280
0|330|879|0|0|0|60880|720|1280
1|330|879|0|0|0|60880|720|1280
0|441|780|0|0|0|60896|720|1280
1|441|780|0|0|0|60896|720|1280
0|482|742|0|0|0|61007|720|1280
1|482|742|0|0|0|61008|720|1280
0|349|1093|0|0|0|61008|720|1280
1|349|1093|0|0|0|61008|720|1280
0|223|789|0|0|0|61037|720|1280
1|223|789|0|0|0|61038|720|1280
0|330|879|0|0|0|61128|720|1280
1|330|879|0|0|0|61128|720|1280
0|441|780|0|0|0|61160|720|1280
1|441|780|0|0|0|61160|720|1280
0|482|742|0|0|0|61272|720|1280
1|482|742|0|0|0|61272|720|1280
0|349|1093|0|0|0|61272|720|1280
1|349|1093|0|0|0|61272|720|1280
0|223|789|0|0|0|61288|720|1280
1|223|789|0|0|0|61288|720|1280
0|330|879|0|0|0|61399|720|1280
1|330|879|0|0|0|61400|720|1280
0|441|780|0|0|0|61425|720|1280
1|441|780|0|0|0|61426|720|1280
0|482|742|0|0|0|61520|720|1280
1|482|742|0|0|0|61520|720|1280
0|349|1093|0|0|0|61520|720|1280
1|349|1093|0|0|0|61520|720|1280
0|223|789|0|0|0|61548|720|1280
1|223|789|0|0|0|61549|720|1280
0|330|879|0|0|0|61661|720|1280
1|330|879|0|0|0|61662|720|1280
0|441|780|0|0|0|61673|720|1280
1|441|780|0|0|0|61674|720|1280
0|482|742|0|0|0|61784|720|1280
1|482|742|0|0|0|61784|720|1280
0|349|1093|0|0|0|61784|720|1280
1|349|1093|0|0|0|61784|720|1280
0|223|789|0|0|0|61819|720|1280
1|223|789|0|0|0|61820|720|1280
0|330|879|0|0|0|61911|720|1280
1|330|879|0|0|0|61912|720|1280
0|441|780|0|0|0|61943|720|1280
1|441|780|0|0|0|61944|720|1280
0|482|742|0|0|0|62048|720|1280
1|482|742|0|0|0|62048|720|1280
0|349|1093|0|0|0|62048|720|1280
1|349|1093|0|0|0|62048|720|1280
0|223|789|0|0|0|62067|720|1280
1|223|789|0|0|0|62068|720|1280
0|330|879|0|0|0|62174|720|1280
1|330|879|0|0|0|62175|720|1280
0|441|780|0|0|0|62204|720|1280
1|441|780|0|0|0|62205|720|1280
0|482|742|0|0|0|62299|720|1280
1|482|742|0|0|0|62300|720|1280
0|349|1093|0|0|0|62300|720|1280
1|349|1093|0|0|0|62300|720|1280
0|223|789|0|0|0|62329|720|1280
1|223|789|0|0|0|62330|720|1280
0|330|879|0|0|0|62443|720|1280
1|330|879|0|0|0|62444|720|1280
0|441|780|0|0|0|62453|720|1280
1|441|780|0|0|0|62454|720|1280
0|482|742|0|0|0|62566|720|1280
1|482|742|0|0|0|62567|720|1280
0|349|1093|0|0|0|62567|720|1280
1|349|1093|0|0|0|62567|720|1280
0|223|789|0|0|0|62601|720|1280
1|223|789|0|0|0|62602|720|1280
0|330|879|0|0|0|62692|720|1280
1|330|879|0|0|0|62693|720|1280
0|441|780|0|0|0|62725|720|1280
1|441|780|0|0|0|62725|720|1280
0|482|742|0|0|0|62828|720|1280
1|482|742|0|0|0|62829|720|1280
0|349|1093|0|0|0|62829|720|1280
1|349|1093|0|0|0|62829|720|1280
0|223|789|0|0|0|62844|720|1280
1|223|789|0|0|0|62845|720|1280
0|330|879|0|0|0|62961|720|1280
1|330|879|0|0|0|62962|720|1280
0|441|780|0|0|0|62983|720|1280
1|441|780|0|0|0|62984|720|1280
0|345|1035|0|0|0|63000|720|1280
1|345|1035|0|0|0|63100|720|1280
0|560|660|0|0|0|63300|720|1280
1|560|660|0|0|0|63800|720|1280
0|500|720|0|0|0|64100|720|1280
1|500|720|0|0|0|64600|720|1280
0|30|67|0|0|0|64700|720|1280
1|30|67|0|0|0|64800|720|1280
0|674|80|0|0|0|65000|720|1280
1|674|80|0|0|0|65100|720|1280
