0|361|360|0|0|0|6047|720|1280
1|0|-1|0|0|0|6408|720|1280
0|180|785|0|0|0|9445|720|1280
1|0|-1|0|0|0|9988|720|1280
0|361|360|0|0|0|12444|720|1280
1|0|-1|0|0|0|13001|720|1280
0|509|736|0|0|0|15700|720|1280
1|0|-1|0|0|0|16190|720|1280
0|361|360|0|0|0|18406|720|1280
1|0|-1|0|0|0|18934|720|1280
0|328|1148|0|0|0|20842|720|1280
1|0|-1|0|0|0|21238|720|1280
0|361|360|0|0|0|23421|720|1280
1|0|-1|0|0|0|23783|720|1280
0|328|1148|0|0|0|25799|720|1280
1|0|-1|0|0|0|26363|720|1280
0|365|752|0|0|0|29635|720|1280
1|0|-1|0|0|0|29714|720|1280
0|365|752|0|0|0|30039|720|1280
1|0|-1|0|0|0|30119|720|1280
0|57|1245|0|0|0|32133|720|1280
1|57|1245|0|0|0|32138|720|1280
0|663|125|0|0|0|32602|720|1280
1|663|125|0|0|0|32607|720|1280
0|57|1245|0|0|0|33117|720|1280
1|57|1245|0|0|0|33122|720|1280
0|663|125|0|0|0|33619|720|1280
1|663|125|0|0|0|33624|720|1280
0|57|1245|0|0|0|34140|720|1280
1|57|1245|0|0|0|34145|720|1280
0|663|125|0|0|0|34632|720|1280
1|663|125|0|0|0|34637|720|1280
0|57|1245|0|0|0|35146|720|1280
1|57|1245|0|0|0|35151|720|1280
0|663|125|0|0|0|35646|720|1280
1|663|125|0|0|0|35650|720|1280
0|57|1245|0|0|0|36160|720|1280
1|57|1245|0|0|0|36165|720|1280
0|663|125|0|0|0|36661|720|1280
1|663|125|0|0|0|36666|720|1280
0|57|1245|0|0|0|37174|720|1280
1|57|1245|0|0|0|37179|720|1280
0|663|125|0|0|0|37675|720|1280
1|663|125|0|0|0|37680|720|1280
0|57|1245|0|0|0|38193|720|1280
1|57|1245|0|0|0|38198|720|1280
0|663|125|0|0|0|38687|720|1280
1|663|125|0|0|0|38692|720|1280
0|57|1245|0|0|0|39201|720|1280
1|57|1245|0|0|0|39206|720|1280
0|663|125|0|0|0|39707|720|1280
1|663|125|0|0|0|39712|720|1280
0|57|1245|0|0|0|40217|720|1280
1|57|1245|0|0|0|40222|720|1280
0|663|125|0|0|0|40715|720|1280
1|663|125|0|0|0|40720|720|1280
0|57|1245|0|0|0|41233|720|1280
1|57|1245|0|0|0|41238|720|1280
0|663|125|0|0|0|41729|720|1280
1|663|125|0|0|0|41734|720|1280
0|57|1245|0|0|0|42243|720|1280
1|57|1245|0|0|0|42248|720|1280
0|663|125|0|0|0|42746|720|1280
1|663|125|0|0|0|42751|720|1280
0|57|1245|0|0|0|43258|720|1280
1|57|1245|0|0|0|43264|720|1280
0|663|125|0|0|0|43758|720|1280
1|663|125|0|0|0|43764|720|1280
0|57|1245|0|0|0|44274|720|1280
1|57|1245|0|0|0|44279|720|1280
0|663|125|0|0|0|44772|720|1280
1|663|125|0|0|0|44777|720|1280
0|57|1245|0|0|0|45286|720|1280
1|57|1245|0|0|0|45291|720|1280
0|663|125|0|0|0|45787|720|1280
1|663|125|0|0|0|45791|720|1280
0|57|1245|0|0|0|46301|720|1280
1|57|1245|0|0|0|46306|720|1280
0|663|125|0|0|0|46801|720|1280
1|663|125|0|0|0|46806|720|1280
0|57|1245|0|0|0|47314|720|1280
1|57|1245|0|0|0|47319|720|1280
0|663|125|0|0|0|47812|720|1280
1|663|125|0|0|0|47817|720|1280
0|57|1245|0|0|0|48327|720|1280
1|57|1245|0|0|0|48332|720|1280
0|663|125|0|0|0|48826|720|1280
1|663|125|0|0|0|48831|720|1280
0|57|1245|0|0|0|49344|720|1280
1|57|1245|0|0|0|49349|720|1280
0|663|125|0|0|0|49840|720|1280
1|663|125|0|0|0|49845|720|1280
0|57|1245|0|0|0|50359|720|1280
1|57|1245|0|0|0|50364|720|1280
0|663|125|0|0|0|50855|720|1280
1|663|125|0|0|0|50860|720|1280
0|57|1245|0|0|0|51369|720|1280
1|57|1245|0|0|0|51374|720|1280
0|663|125|0|0|0|51869|720|1280
1|663|125|0|0|0|51874|720|1280
0|57|1245|0|0|0|52384|720|1280
1|57|1245|0|0|0|52390|720|1280
0|663|125|0|0|0|52884|720|1280
1|663|125|0|0|0|52890|720|1280
0|57|1245|0|0|0|53400|720|1280
1|57|1245|0|0|0|53405|720|1280
0|663|125|0|0|0|53897|720|1280
1|663|125|0|0|0|53902|720|1280
0|57|1245|0|0|0|54411|720|1280
1|57|1245|0|0|0|54416|720|1280
0|663|125|0|0|0|54917|720|1280
1|663|125|0|0|0|54922|720|1280
0|57|1245|0|0|0|55425|720|1280
1|57|1245|0|0|0|55430|720|1280
0|663|125|0|0|0|55928|720|1280
1|663|125|0|0|0|55932|720|1280
0|57|1245|0|0|0|56439|720|1280
1|57|1245|0|0|0|56444|720|1280
0|663|125|0|0|0|56938|720|1280
1|663|125|0|0|0|56943|720|1280
0|57|1245|0|0|0|57453|720|1280
1|57|1245|0|0|0|57458|720|1280
0|663|125|0|0|0|57957|720|1280
1|663|125|0|0|0|57962|720|1280
0|57|1245|0|0|0|58467|720|1280
1|57|1245|0|0|0|58472|720|1280
0|663|125|0|0|0|58969|720|1280
1|663|125|0|0|0|58974|720|1280
0|57|1245|0|0|0|59481|720|1280
1|57|1245|0|0|0|59486|720|1280
0|663|125|0|0|0|59981|720|1280
1|663|125|0|0|0|59986|720|1280
0|57|1245|0|0|0|60495|720|1280
1|57|1245|0|0|0|60500|720|1280
0|663|125|0|0|0|60994|720|1280
1|663|125|0|0|0|60999|720|1280
0|57|1245|0|0|0|61514|720|1280
1|57|1245|0|0|0|61519|720|1280
0|663|125|0|0|0|62009|720|1280
1|663|125|0|0|0|62014|720|1280
0|57|1245|0|0|0|62528|720|1280
1|57|1245|0|0|0|62533|720|1280
0|663|125|0|0|0|63023|720|1280
1|663|125|0|0|0|63028|720|1280
0|57|1245|0|0|0|63537|720|1280
1|57|1245|0|0|0|63542|720|1280
0|663|125|0|0|0|64044|720|1280
1|663|125|0|0|0|64048|720|1280
0|57|1245|0|0|0|64553|720|1280
1|57|1245|0|0|0|64558|720|1280
0|663|125|0|0|0|65050|720|1280
1|663|125|0|0|0|65055|720|1280
0|57|1245|0|0|0|65570|720|1280
1|57|1245|0|0|0|65575|720|1280
0|663|125|0|0|0|66064|720|1280
1|663|125|0|0|0|66069|720|1280
0|57|1245|0|0|0|66580|720|1280
1|57|1245|0|0|0|66585|720|1280
0|663|125|0|0|0|67080|720|1280
1|663|125|0|0|0|67085|720|1280
0|57|1245|0|0|0|67594|720|1280
1|57|1245|0|0|0|67599|720|1280
0|663|125|0|0|0|68098|720|1280
1|663|125|0|0|0|68102|720|1280
0|57|1245|0|0|0|68607|720|1280
1|57|1245|0|0|0|68612|720|1280
0|663|125|0|0|0|69106|720|1280
1|663|125|0|0|0|69111|720|1280
0|57|1245|0|0|0|69621|720|1280
1|57|1245|0|0|0|69625|720|1280
0|663|125|0|0|0|70125|720|1280
1|663|125|0|0|0|70130|720|1280
0|57|1245|0|0|0|70644|720|1280
1|57|1245|0|0|0|70649|720|1280
0|663|125|0|0|0|71139|720|1280
1|663|125|0|0|0|71144|720|1280
0|57|1245|0|0|0|71649|720|1280
1|57|1245|0|0|0|71654|720|1280
0|663|125|0|0|0|72150|720|1280
1|663|125|0|0|0|72155|720|1280
0|57|1245|0|0|0|72663|720|1280
1|57|1245|0|0|0|72668|720|1280
0|663|125|0|0|0|73164|720|1280
1|663|125|0|0|0|73169|720|1280
0|57|1245|0|0|0|73678|720|1280
1|57|1245|0|0|0|73683|720|1280
0|663|125|0|0|0|74181|720|1280
1|663|125|0|0|0|74186|720|1280
0|57|1245|0|0|0|74693|720|1280
1|57|1245|0|0|0|74698|720|1280
0|663|125|0|0|0|75190|720|1280
1|663|125|0|0|0|75195|720|1280
0|57|1245|0|0|0|75706|720|1280
1|57|1245|0|0|0|75711|720|1280
0|663|125|0|0|0|76212|720|1280
1|663|125|0|0|0|76217|720|1280
0|57|1245|0|0|0|76721|720|1280
1|57|1245|0|0|0|76726|720|1280
0|663|125|0|0|0|77220|720|1280
1|663|125|0|0|0|77225|720|1280
0|57|1245|0|0|0|77737|720|1280
1|57|1245|0|0|0|77742|720|1280
0|663|125|0|0|0|78233|720|1280
1|663|125|0|0|0|78238|720|1280
0|57|1245|0|0|0|78747|720|1280
1|57|1245|0|0|0|78752|720|1280
0|663|125|0|0|0|79247|720|1280
1|663|125|0|0|0|79252|720|1280
0|57|1245|0|0|0|79761|720|1280
1|57|1245|0|0|0|79767|720|1280
0|663|125|0|0|0|80263|720|1280
1|663|125|0|0|0|80268|720|1280
0|57|1245|0|0|0|80775|720|1280
1|57|1245|0|0|0|80780|720|1280
0|663|125|0|0|0|81275|720|1280
1|663|125|0|0|0|81280|720|1280
0|57|1245|0|0|0|81789|720|1280
1|57|1245|0|0|0|81794|720|1280
0|663|125|0|0|0|82293|720|1280
1|663|125|0|0|0|82298|720|1280
0|57|1245|0|0|0|82812|720|1280
1|57|1245|0|0|0|82817|720|1280
0|663|125|0|0|0|83308|720|1280
1|663|125|0|0|0|83313|720|1280
0|57|1245|0|0|0|83819|720|1280
1|57|1245|0|0|0|83824|720|1280
0|663|125|0|0|0|84317|720|1280
1|663|125|0|0|0|84322|720|1280
0|57|1245|0|0|0|84831|720|1280
1|57|1245|0|0|0|84836|720|1280
0|663|125|0|0|0|85332|720|1280
1|663|125|0|0|0|85337|720|1280
0|57|1245|0|0|0|85847|720|1280
1|57|1245|0|0|0|85852|720|1280
0|663|125|0|0|0|86349|720|1280
1|663|125|0|0|0|86354|720|1280
0|57|1245|0|0|0|86863|720|1280
1|57|1245|0|0|0|86869|720|1280
0|663|125|0|0|0|87359|720|1280
1|663|125|0|0|0|87364|720|1280
0|57|1245|0|0|0|87872|720|1280
1|57|1245|0|0|0|87877|720|1280
0|663|125|0|0|0|88377|720|1280
1|663|125|0|0|0|88383|720|1280
0|57|1245|0|0|0|88889|720|1280
1|57|1245|0|0|0|88894|720|1280
0|663|125|0|0|0|89387|720|1280
1|663|125|0|0|0|89392|720|1280
0|57|1245|0|0|0|89901|720|1280
1|57|1245|0|0|0|89906|720|1280
0|663|125|0|0|0|90401|720|1280
1|663|125|0|0|0|90406|720|1280
0|57|1245|0|0|0|90915|720|1280
1|57|1245|0|0|0|90920|720|1280
0|663|125|0|0|0|91414|720|1280
1|663|125|0|0|0|91419|720|1280
0|57|1245|0|0|0|91930|720|1280
1|57|1245|0|0|0|91935|720|1280
0|663|125|0|0|0|92433|720|1280
1|663|125|0|0|0|92438|720|1280
0|57|1245|0|0|0|92943|720|1280
1|57|1245|0|0|0|92948|720|1280
0|663|125|0|0|0|93442|720|1280
1|663|125|0|0|0|93447|720|1280
0|57|1245|0|0|0|93957|720|1280
1|57|1245|0|0|0|93962|720|1280
0|663|125|0|0|0|94458|720|1280
1|663|125|0|0|0|94463|720|1280
0|57|1245|0|0|0|94972|720|1280
1|57|1245|0|0|0|94977|720|1280
0|663|125|0|0|0|95475|720|1280
1|663|125|0|0|0|95480|720|1280
0|57|1245|0|0|0|95985|720|1280
1|57|1245|0|0|0|95990|720|1280
0|663|125|0|0|0|96484|720|1280
1|663|125|0|0|0|96489|720|1280
0|57|1245|0|0|0|96999|720|1280
1|57|1245|0|0|0|97004|720|1280
0|663|125|0|0|0|97499|720|1280
1|663|125|0|0|0|97504|720|1280
0|57|1245|0|0|0|98014|720|1280
1|57|1245|0|0|0|98019|720|1280
0|663|125|0|0|0|98517|720|1280
1|663|125|0|0|0|98522|720|1280
0|57|1245|0|0|0|99031|720|1280
1|57|1245|0|0|0|99036|720|1280
0|663|125|0|0|0|99527|720|1280
1|663|125|0|0|0|99532|720|1280
0|57|1245|0|0|0|100041|720|1280
1|57|1245|0|0|0|100046|720|1280
0|663|125|0|0|0|100547|720|1280
1|663|125|0|0|0|100552|720|1280
0|57|1245|0|0|0|101057|720|1280
1|57|1245|0|0|0|101063|720|1280
0|663|125|0|0|0|101556|720|1280
1|663|125|0|0|0|101561|720|1280
0|57|1245|0|0|0|102070|720|1280
1|57|1245|0|0|0|102075|720|1280
0|663|125|0|0|0|102569|720|1280
1|663|125|0|0|0|102574|720|1280
0|57|1245|0|0|0|103083|720|1280
1|57|1245|0|0|0|103088|720|1280
0|663|125|0|0|0|103582|720|1280
1|663|125|0|0|0|103587|720|1280
0|57|1245|0|0|0|104097|720|1280
1|57|1245|0|0|0|104102|720|1280
0|663|125|0|0|0|104600|720|1280
1|663|125|0|0|0|104605|720|1280
0|57|1245|0|0|0|105110|720|1280
1|57|1245|0|0|0|105116|720|1280
0|663|125|0|0|0|105610|720|1280
1|663|125|0|0|0|105615|720|1280
0|57|1245|0|0|0|106125|720|1280
1|57|1245|0|0|0|106131|720|1280
0|663|125|0|0|0|106628|720|1280
1|663|125|0|0|0|106633|720|1280
0|57|1245|0|0|0|107146|720|1280
1|57|1245|0|0|0|107152|720|1280
0|663|125|0|0|0|107643|720|1280
1|663|125|0|0|0|107648|720|1280
0|57|1245|0|0|0|108154|720|1280
1|57|1245|0|0|0|108159|720|1280
0|663|125|0|0|0|108653|720|1280
1|663|125|0|0|0|108657|720|1280
0|57|1245|0|0|0|109167|720|1280
1|57|1245|0|0|0|109172|720|1280
0|663|125|0|0|0|109667|720|1280
1|663|125|0|0|0|109671|720|1280
0|57|1245|0|0|0|110184|720|1280
1|57|1245|0|0|0|110189|720|1280
0|663|125|0|0|0|110684|720|1280
1|663|125|0|0|0|110689|720|1280
0|57|1245|0|0|0|111200|720|1280
1|57|1245|0|0|0|111205|720|1280
0|663|125|0|0|0|111694|720|1280
1|663|125|0|0|0|111700|720|1280
0|57|1245|0|0|0|112210|720|1280
1|57|1245|0|0|0|112215|720|1280
0|663|125|0|0|0|112708|720|1280
1|663|125|0|0|0|112713|720|1280
0|57|1245|0|0|0|113223|720|1280
1|57|1245|0|0|0|113228|720|1280
0|663|125|0|0|0|113725|720|1280
1|663|125|0|0|0|113730|720|1280
0|57|1245|0|0|0|114242|720|1280
1|57|1245|0|0|0|114247|720|1280
0|663|125|0|0|0|114737|720|1280
1|663|125|0|0|0|114742|720|1280
0|57|1245|0|0|0|115251|720|1280
1|57|1245|0|0|0|115256|720|1280
0|663|125|0|0|0|115753|720|1280
1|663|125|0|0|0|115757|720|1280
0|57|1245|0|0|0|116266|720|1280
1|57|1245|0|0|0|116271|720|1280
0|663|125|0|0|0|116768|720|1280
1|663|125|0|0|0|116773|720|1280
0|57|1245|0|0|0|117278|720|1280
1|57|1245|0|0|0|117283|720|1280
0|663|125|0|0|0|117779|720|1280
1|663|125|0|0|0|117783|720|1280
0|57|1245|0|0|0|118293|720|1280
1|57|1245|0|0|0|118299|720|1280
0|663|125|0|0|0|118796|720|1280
1|663|125|0|0|0|118801|720|1280
0|57|1245|0|0|0|119312|720|1280
1|57|1245|0|0|0|119317|720|1280
0|663|125|0|0|0|119807|720|1280
1|663|125|0|0|0|119811|720|1280
0|57|1245|0|0|0|120322|720|1280
1|57|1245|0|0|0|120327|720|1280
0|663|125|0|0|0|120819|720|1280
1|663|125|0|0|0|120824|720|1280
0|57|1245|0|0|0|121335|720|1280
1|57|1245|0|0|0|121340|720|1280
0|663|125|0|0|0|121836|720|1280
1|663|125|0|0|0|121841|720|1280
0|57|1245|0|0|0|122355|720|1280
1|57|1245|0|0|0|122360|720|1280
0|663|125|0|0|0|122848|720|1280
1|663|125|0|0|0|122853|720|1280
0|57|1245|0|0|0|123369|720|1280
1|57|1245|0|0|0|123373|720|1280
0|663|125|0|0|0|123863|720|1280
1|663|125|0|0|0|123868|720|1280
0|57|1245|0|0|0|124379|720|1280
1|57|1245|0|0|0|124383|720|1280
0|663|125|0|0|0|124877|720|1280
1|663|125|0|0|0|124882|720|1280
0|57|1245|0|0|0|125391|720|1280
1|57|1245|0|0|0|125396|720|1280
0|663|125|0|0|0|125892|720|1280
1|663|125|0|0|0|125897|720|1280
0|57|1245|0|0|0|126404|720|1280
1|57|1245|0|0|0|126409|720|1280
0|663|125|0|0|0|126903|720|1280
1|663|125|0|0|0|126908|720|1280
0|57|1245|0|0|0|127418|720|1280
1|57|1245|0|0|0|127423|720|1280
0|663|125|0|0|0|127922|720|1280
1|663|125|0|0|0|127927|720|1280
0|57|1245|0|0|0|128434|720|1280
1|57|1245|0|0|0|128440|720|1280
0|663|125|0|0|0|128936|720|1280
1|663|125|0|0|0|128941|720|1280
0|57|1245|0|0|0|129448|720|1280
1|57|1245|0|0|0|129454|720|1280
0|663|125|0|0|0|129946|720|1280
1|663|125|0|0|0|129951|720|1280
0|57|1245|0|0|0|130460|720|1280
1|57|1245|0|0|0|130465|720|1280
0|663|125|0|0|0|130964|720|1280
1|663|125|0|0|0|130969|720|1280
0|57|1245|0|0|0|131477|720|1280
1|57|1245|0|0|0|131482|720|1280
0|663|125|0|0|0|131979|720|1280
1|663|125|0|0|0|131984|720|1280
0|57|1245|0|0|0|132489|720|1280
1|57|1245|0|0|0|132494|720|1280
0|663|125|0|0|0|132989|720|1280
1|663|125|0|0|0|132993|720|1280
0|57|1245|0|0|0|133502|720|1280
1|57|1245|0|0|0|133507|720|1280
0|663|125|0|0|0|134004|720|1280
1|663|125|0|0|0|134008|720|1280
0|57|1245|0|0|0|134523|720|1280
1|57|1245|0|0|0|134528|720|1280
0|663|125|0|0|0|135021|720|1280
1|663|125|0|0|0|135026|720|1280
0|57|1245|0|0|0|135535|720|1280
1|57|1245|0|0|0|135540|720|1280
0|663|125|0|0|0|136030|720|1280
1|663|125|0|0|0|136035|720|1280
0|57|1245|0|0|0|136545|720|1280
1|57|1245|0|0|0|136550|720|1280
0|663|125|0|0|0|137044|720|1280
1|663|125|0|0|0|137049|720|1280
0|57|1245|0|0|0|137559|720|1280
1|57|1245|0|0|0|137564|720|1280
0|663|125|0|0|0|138058|720|1280
1|663|125|0|0|0|138063|720|1280
0|57|1245|0|0|0|138573|720|1280
1|57|1245|0|0|0|138578|720|1280
0|663|125|0|0|0|139072|720|1280
1|663|125|0|0|0|139077|720|1280
0|57|1245|0|0|0|139588|720|1280
1|57|1245|0|0|0|139593|720|1280
0|663|125|0|0|0|140091|720|1280
1|663|125|0|0|0|140096|720|1280
0|57|1245|0|0|0|140601|720|1280
1|57|1245|0|0|0|140607|720|1280
0|663|125|0|0|0|141105|720|1280
1|663|125|0|0|0|141110|720|1280
0|57|1245|0|0|0|141617|720|1280
1|57|1245|0|0|0|141622|720|1280
0|663|125|0|0|0|142114|720|1280
1|663|125|0|0|0|142119|720|1280
0|57|1245|0|0|0|142629|720|1280
1|57|1245|0|0|0|142634|720|1280
0|663|125|0|0|0|143132|720|1280
1|663|125|0|0|0|143137|720|1280
0|358|791|0|0|0|145124|720|1280
2|356|791|0|0|0|145135|720|1280
1|0|-1|0|0|0|145243|720|1280
0|360|583|0|0|0|146364|720|1280
1|0|-1|0|0|0|146461|720|1280
0|358|510|0|0|0|147563|720|1280
1|0|-1|0|0|0|147649|720|1280
0|358|510|0|0|0|148383|720|1280
1|0|-1|0|0|0|148526|720|1280
0|354|480|0|0|0|149175|720|1280
1|0|-1|0|0|0|149278|720|1280
0|415|629|0|0|0|150853|720|1280
1|0|-1|0|0|0|150945|720|1280
0|368|480|0|0|0|152233|720|1280
1|0|-1|0|0|0|152354|720|1280
0|368|480|0|0|0|152687|720|1280
1|0|-1|0|0|0|152810|720|1280
0|368|480|0|0|0|153178|720|1280
1|0|-1|0|0|0|153378|720|1280
0|368|480|0|0|0|153792|720|1280
1|0|-1|0|0|0|153953|720|1280
0|484|616|0|0|0|156518|720|1280
1|0|-1|0|0|0|156594|720|1280
0|356|664|0|0|0|160112|720|1280
1|0|-1|0|0|0|160183|720|1280
0|664|624|0|0|0|162509|720|1280
1|0|-1|0|0|0|162569|720|1280
0|662|622|0|0|0|163533|720|1280
2|660|622|0|0|0|163544|720|1280
1|0|-1|0|0|0|163643|720|1280
0|660|622|0|0|0|164218|720|1280
2|658|622|0|0|0|164334|720|1280
2|658|624|0|0|0|164347|720|1280
2|658|625|0|0|0|164358|720|1280
2|662|631|0|0|0|164377|720|1280
1|0|-1|0|0|0|164377|720|1280
0|674|632|0|0|0|164875|720|1280
1|0|-1|0|0|0|165002|720|1280
0|674|632|0|0|0|165357|720|1280
1|0|-1|0|0|0|165478|720|1280
0|674|632|0|0|0|165977|720|1280
1|0|-1|0|0|0|166086|720|1280
0|674|632|0|0|0|166394|720|1280
1|0|-1|0|0|0|166529|720|1280
0|345|401|0|0|0|168958|720|1280
2|345|403|0|0|0|169023|720|1280
1|0|-1|0|0|0|169035|720|1280
0|354|414|0|0|0|169729|720|1280
1|0|-1|0|0|0|169815|720|1280
0|352|414|0|0|0|170058|720|1280
1|0|-1|0|0|0|170153|720|1280
0|352|414|0|0|0|170564|720|1280
1|0|-1|0|0|0|170674|720|1280
0|514|645|0|0|0|172347|720|1280
1|0|-1|0|0|0|172412|720|1280
0|518|638|0|0|0|172976|720|1280
1|0|-1|0|0|0|173060|720|1280
0|368|428|0|0|0|173816|720|1280
1|0|-1|0|0|0|173906|720|1280
0|598|636|0|0|0|175560|720|1280
2|600|636|0|0|0|175580|720|1280
1|0|-1|0|0|0|175674|720|1280
0|600|634|0|0|0|176423|720|1280
2|598|632|0|0|0|176464|720|1280
2|598|634|0|0|0|176489|720|1280
2|600|634|0|0|0|176536|720|1280
1|0|-1|0|0|0|176536|720|1280
0|598|632|0|0|0|177330|720|1280
2|600|632|0|0|0|177335|720|1280
2|605|632|0|0|0|177340|720|1280
2|600|632|0|0|0|177364|720|1280
2|605|631|0|0|0|177387|720|1280
1|0|-1|0|0|0|177431|720|1280
0|603|629|0|0|0|177983|720|1280
2|598|627|0|0|0|178023|720|1280
2|603|627|0|0|0|178032|720|1280
2|600|627|0|0|0|178045|720|1280
1|0|-1|0|0|0|178073|720|1280
0|361|378|0|0|0|179266|720|1280
2|363|378|0|0|0|179341|720|1280
2|361|378|0|0|0|179353|720|1280
1|0|-1|0|0|0|179379|720|1280
0|114|631|0|0|0|181992|720|1280
1|0|-1|0|0|0|182070|720|1280
0|363|357|0|0|0|185176|720|1280
1|0|-1|0|0|0|185241|720|1280
0|363|357|0|0|0|185460|720|1280
1|0|-1|0|0|0|185540|720|1280
0|363|357|0|0|0|185716|720|1280
1|0|-1|0|0|0|185786|720|1280
0|363|357|0|0|0|185965|720|1280
1|0|-1|0|0|0|186070|720|1280
0|363|357|0|0|0|186289|720|1280
1|0|-1|0|0|0|186384|720|1280
0|363|357|0|0|0|187827|720|1280
1|0|-1|0|0|0|187925|720|1280
0|363|357|0|0|0|189024|720|1280
1|0|-1|0|0|0|189144|720|1280
0|363|357|0|0|0|189694|720|1280
1|0|-1|0|0|0|189769|720|1280
0|692|622|0|0|0|193029|720|1280
1|0|-1|0|0|0|193064|720|1280
0|500|615|0|0|0|194578|720|1280
1|0|-1|0|0|0|194673|720|1280
0|500|615|0|0|0|195805|720|1280
1|0|-1|0|0|0|195933|720|1280
0|502|613|0|0|0|196973|720|1280
1|0|-1|0|0|0|197057|720|1280
0|77|632|0|0|0|201268|720|1280
1|0|-1|0|0|0|201326|720|1280
0|79|632|0|0|0|202398|720|1280
1|0|-1|0|0|0|202484|720|1280
0|80|632|0|0|0|203608|720|1280
1|0|-1|0|0|0|203685|720|1280
0|354|899|0|0|0|206073|720|1280
1|0|-1|0|0|0|206194|720|1280
0|294|883|0|0|0|207614|720|1280
1|0|-1|0|0|0|207691|720|1280
0|214|801|0|0|0|210164|720|1280
1|0|-1|0|0|0|210203|720|1280
0|217|792|0|0|0|212073|720|1280
2|221|792|0|0|0|212083|720|1280
2|217|792|0|0|0|212142|720|1280
1|0|-1|0|0|0|212143|720|1280
0|361|636|0|0|0|214343|720|1280
1|0|-1|0|0|0|214394|720|1280
0|360|384|0|0|0|215990|720|1280
2|358|384|0|0|0|216020|720|1280
1|0|-1|0|0|0|216063|720|1280
0|107|616|0|0|0|217969|720|1280
1|0|-1|0|0|0|218043|720|1280
0|365|796|0|0|0|220364|720|1280
1|0|-1|0|0|0|220395|720|1280
0|36|604|0|0|0|222383|720|1280
1|0|-1|0|0|0|222443|720|1280
0|352|613|0|0|0|225481|720|1280
2|351|613|0|0|0|225493|720|1280
2|352|613|0|0|0|225545|720|1280
1|0|-1|0|0|0|225575|720|1280
0|365|496|0|0|0|228069|720|1280
1|0|-1|0|0|0|228153|720|1280
0|29|615|0|0|0|229763|720|1280
1|0|-1|0|0|0|229825|720|1280
0|223|616|0|0|0|231823|720|1280
2|221|616|0|0|0|231862|720|1280
1|0|-1|0|0|0|231904|720|1280
0|354|254|0|0|0|233521|720|1280
2|354|256|0|0|0|233590|720|1280
1|0|-1|0|0|0|233613|720|1280
0|354|259|0|0|0|235173|720|1280
1|0|-1|0|0|0|235244|720|1280
0|354|261|0|0|0|237094|720|1280
1|0|-1|0|0|0|237159|720|1280
0|363|784|0|0|0|241795|720|1280
1|0|-1|0|0|0|241869|720|1280
0|57|1245|0|0|0|243883|720|1280
1|57|1245|0|0|0|243888|720|1280
0|663|125|0|0|0|244352|720|1280
1|663|125|0|0|0|244357|720|1280
0|57|1245|0|0|0|244867|720|1280
1|57|1245|0|0|0|244872|720|1280
0|663|125|0|0|0|245369|720|1280
1|663|125|0|0|0|245374|720|1280
0|57|1245|0|0|0|245890|720|1280
1|57|1245|0|0|0|245895|720|1280
0|663|125|0|0|0|246382|720|1280
1|663|125|0|0|0|246387|720|1280
0|57|1245|0|0|0|246896|720|1280
1|57|1245|0|0|0|246901|720|1280
0|663|125|0|0|0|247396|720|1280
1|663|125|0|0|0|247400|720|1280
0|57|1245|0|0|0|247910|720|1280
1|57|1245|0|0|0|247915|720|1280
0|663|125|0|0|0|248411|720|1280
1|663|125|0|0|0|248416|720|1280
0|57|1245|0|0|0|248924|720|1280
1|57|1245|0|0|0|248929|720|1280
0|663|125|0|0|0|249425|720|1280
1|663|125|0|0|0|249430|720|1280
0|57|1245|0|0|0|249943|720|1280
1|57|1245|0|0|0|249948|720|1280
0|663|125|0|0|0|250437|720|1280
1|663|125|0|0|0|250442|720|1280
0|57|1245|0|0|0|250951|720|1280
1|57|1245|0|0|0|250956|720|1280
0|663|125|0|0|0|251457|720|1280
1|663|125|0|0|0|251462|720|1280
0|57|1245|0|0|0|251967|720|1280
1|57|1245|0|0|0|251972|720|1280
0|663|125|0|0|0|252465|720|1280
1|663|125|0|0|0|252470|720|1280
0|57|1245|0|0|0|252983|720|1280
1|57|1245|0|0|0|252988|720|1280
0|663|125|0|0|0|253479|720|1280
1|663|125|0|0|0|253484|720|1280
0|57|1245|0|0|0|253993|720|1280
1|57|1245|0|0|0|253998|720|1280
0|663|125|0|0|0|254496|720|1280
1|663|125|0|0|0|254501|720|1280
0|57|1245|0|0|0|255008|720|1280
1|57|1245|0|0|0|255014|720|1280
0|663|125|0|0|0|255508|720|1280
1|663|125|0|0|0|255514|720|1280
0|57|1245|0|0|0|256024|720|1280
1|57|1245|0|0|0|256029|720|1280
0|663|125|0|0|0|256522|720|1280
1|663|125|0|0|0|256527|720|1280
0|57|1245|0|0|0|257036|720|1280
1|57|1245|0|0|0|257041|720|1280
0|663|125|0|0|0|257537|720|1280
1|663|125|0|0|0|257541|720|1280
0|57|1245|0|0|0|258051|720|1280
1|57|1245|0|0|0|258056|720|1280
0|663|125|0|0|0|258551|720|1280
1|663|125|0|0|0|258556|720|1280
0|57|1245|0|0|0|259064|720|1280
1|57|1245|0|0|0|259069|720|1280
0|663|125|0|0|0|259562|720|1280
1|663|125|0|0|0|259567|720|1280
0|57|1245|0|0|0|260077|720|1280
1|57|1245|0|0|0|260082|720|1280
0|663|125|0|0|0|260576|720|1280
1|663|125|0|0|0|260581|720|1280
0|57|1245|0|0|0|261094|720|1280
1|57|1245|0|0|0|261099|720|1280
0|663|125|0|0|0|261590|720|1280
1|663|125|0|0|0|261595|720|1280
0|57|1245|0|0|0|262109|720|1280
1|57|1245|0|0|0|262114|720|1280
0|663|125|0|0|0|262605|720|1280
1|663|125|0|0|0|262610|720|1280
0|57|1245|0|0|0|263119|720|1280
1|57|1245|0|0|0|263124|720|1280
0|663|125|0|0|0|263619|720|1280
1|663|125|0|0|0|263624|720|1280
0|57|1245|0|0|0|264134|720|1280
1|57|1245|0|0|0|264140|720|1280
0|663|125|0|0|0|264634|720|1280
1|663|125|0|0|0|264640|720|1280
0|57|1245|0|0|0|265150|720|1280
1|57|1245|0|0|0|265155|720|1280
0|663|125|0|0|0|265647|720|1280
1|663|125|0|0|0|265652|720|1280
0|57|1245|0|0|0|266161|720|1280
1|57|1245|0|0|0|266166|720|1280
0|663|125|0|0|0|266667|720|1280
1|663|125|0|0|0|266672|720|1280
0|57|1245|0|0|0|267175|720|1280
1|57|1245|0|0|0|267180|720|1280
0|663|125|0|0|0|267678|720|1280
1|663|125|0|0|0|267682|720|1280
0|57|1245|0|0|0|268189|720|1280
1|57|1245|0|0|0|268194|720|1280
0|663|125|0|0|0|268688|720|1280
1|663|125|0|0|0|268693|720|1280
0|57|1245|0|0|0|269203|720|1280
1|57|1245|0|0|0|269208|720|1280
0|663|125|0|0|0|269707|720|1280
1|663|125|0|0|0|269712|720|1280
0|57|1245|0|0|0|270217|720|1280
1|57|1245|0|0|0|270222|720|1280
0|663|125|0|0|0|270719|720|1280
1|663|125|0|0|0|270724|720|1280
0|57|1245|0|0|0|271231|720|1280
1|57|1245|0|0|0|271236|720|1280
0|663|125|0|0|0|271731|720|1280
1|663|125|0|0|0|271736|720|1280
0|57|1245|0|0|0|272245|720|1280
1|57|1245|0|0|0|272250|720|1280
0|663|125|0|0|0|272744|720|1280
1|663|125|0|0|0|272749|720|1280
0|57|1245|0|0|0|273264|720|1280
1|57|1245|0|0|0|273269|720|1280
0|663|125|0|0|0|273759|720|1280
1|663|125|0|0|0|273764|720|1280
0|57|1245|0|0|0|274278|720|1280
1|57|1245|0|0|0|274283|720|1280
0|663|125|0|0|0|274773|720|1280
1|663|125|0|0|0|274778|720|1280
0|57|1245|0|0|0|275287|720|1280
1|57|1245|0|0|0|275292|720|1280
0|663|125|0|0|0|275794|720|1280
1|663|125|0|0|0|275798|720|1280
0|57|1245|0|0|0|276303|720|1280
1|57|1245|0|0|0|276308|720|1280
0|663|125|0|0|0|276800|720|1280
1|663|125|0|0|0|276805|720|1280
0|57|1245|0|0|0|277320|720|1280
1|57|1245|0|0|0|277325|720|1280
0|663|125|0|0|0|277814|720|1280
1|663|125|0|0|0|277819|720|1280
0|57|1245|0|0|0|278330|720|1280
1|57|1245|0|0|0|278335|720|1280
0|663|125|0|0|0|278830|720|1280
1|663|125|0|0|0|278835|720|1280
0|57|1245|0|0|0|279344|720|1280
1|57|1245|0|0|0|279349|720|1280
0|663|125|0|0|0|279848|720|1280
1|663|125|0|0|0|279852|720|1280
0|57|1245|0|0|0|280357|720|1280
1|57|1245|0|0|0|280362|720|1280
0|663|125|0|0|0|280856|720|1280
1|663|125|0|0|0|280861|720|1280
0|57|1245|0|0|0|281371|720|1280
1|57|1245|0|0|0|281375|720|1280
0|663|125|0|0|0|281875|720|1280
1|663|125|0|0|0|281880|720|1280
0|57|1245|0|0|0|282394|720|1280
1|57|1245|0|0|0|282399|720|1280
0|663|125|0|0|0|282889|720|1280
1|663|125|0|0|0|282894|720|1280
0|57|1245|0|0|0|283399|720|1280
1|57|1245|0|0|0|283404|720|1280
0|663|125|0|0|0|283900|720|1280
1|663|125|0|0|0|283905|720|1280
0|57|1245|0|0|0|284413|720|1280
1|57|1245|0|0|0|284418|720|1280
0|663|125|0|0|0|284914|720|1280
1|663|125|0|0|0|284919|720|1280
0|57|1245|0|0|0|285428|720|1280
1|57|1245|0|0|0|285433|720|1280
0|663|125|0|0|0|285931|720|1280
1|663|125|0|0|0|285936|720|1280
0|57|1245|0|0|0|286443|720|1280
1|57|1245|0|0|0|286448|720|1280
0|663|125|0|0|0|286940|720|1280
1|663|125|0|0|0|286945|720|1280
0|57|1245|0|0|0|287456|720|1280
1|57|1245|0|0|0|287461|720|1280
0|663|125|0|0|0|287962|720|1280
1|663|125|0|0|0|287967|720|1280
0|57|1245|0|0|0|288471|720|1280
1|57|1245|0|0|0|288476|720|1280
0|663|125|0|0|0|288970|720|1280
1|663|125|0|0|0|288975|720|1280
0|57|1245|0|0|0|289487|720|1280
1|57|1245|0|0|0|289492|720|1280
0|663|125|0|0|0|289983|720|1280
1|663|125|0|0|0|289988|720|1280
0|57|1245|0|0|0|290497|720|1280
1|57|1245|0|0|0|290502|720|1280
0|663|125|0|0|0|290997|720|1280
1|663|125|0|0|0|291002|720|1280
0|57|1245|0|0|0|291511|720|1280
1|57|1245|0|0|0|291517|720|1280
0|663|125|0|0|0|292013|720|1280
1|663|125|0|0|0|292018|720|1280
0|57|1245|0|0|0|292525|720|1280
1|57|1245|0|0|0|292530|720|1280
0|663|125|0|0|0|293025|720|1280
1|663|125|0|0|0|293030|720|1280
0|57|1245|0|0|0|293539|720|1280
1|57|1245|0|0|0|293544|720|1280
0|663|125|0|0|0|294043|720|1280
1|663|125|0|0|0|294048|720|1280
0|57|1245|0|0|0|294562|720|1280
1|57|1245|0|0|0|294567|720|1280
0|663|125|0|0|0|295058|720|1280
1|663|125|0|0|0|295063|720|1280
0|57|1245|0|0|0|295569|720|1280
1|57|1245|0|0|0|295574|720|1280
0|663|125|0|0|0|296067|720|1280
1|663|125|0|0|0|296072|720|1280
0|57|1245|0|0|0|296581|720|1280
1|57|1245|0|0|0|296586|720|1280
0|663|125|0|0|0|297082|720|1280
1|663|125|0|0|0|297087|720|1280
0|57|1245|0|0|0|297597|720|1280
1|57|1245|0|0|0|297602|720|1280
0|663|125|0|0|0|298099|720|1280
1|663|125|0|0|0|298104|720|1280
0|57|1245|0|0|0|298613|720|1280
1|57|1245|0|0|0|298619|720|1280
0|663|125|0|0|0|299109|720|1280
1|663|125|0|0|0|299114|720|1280
0|57|1245|0|0|0|299622|720|1280
1|57|1245|0|0|0|299627|720|1280
0|663|125|0|0|0|300127|720|1280
1|663|125|0|0|0|300133|720|1280
0|57|1245|0|0|0|300639|720|1280
1|57|1245|0|0|0|300644|720|1280
0|663|125|0|0|0|301137|720|1280
1|663|125|0|0|0|301142|720|1280
0|57|1245|0|0|0|301651|720|1280
1|57|1245|0|0|0|301656|720|1280
0|663|125|0|0|0|302151|720|1280
1|663|125|0|0|0|302156|720|1280
0|57|1245|0|0|0|302665|720|1280
1|57|1245|0|0|0|302670|720|1280
0|663|125|0|0|0|303164|720|1280
1|663|125|0|0|0|303169|720|1280
0|57|1245|0|0|0|303680|720|1280
1|57|1245|0|0|0|303685|720|1280
0|663|125|0|0|0|304183|720|1280
1|663|125|0|0|0|304188|720|1280
0|57|1245|0|0|0|304693|720|1280
1|57|1245|0|0|0|304698|720|1280
0|663|125|0|0|0|305192|720|1280
1|663|125|0|0|0|305197|720|1280
0|57|1245|0|0|0|305707|720|1280
1|57|1245|0|0|0|305712|720|1280
0|663|125|0|0|0|306208|720|1280
1|663|125|0|0|0|306213|720|1280
0|57|1245|0|0|0|306722|720|1280
1|57|1245|0|0|0|306727|720|1280
0|663|125|0|0|0|307225|720|1280
1|663|125|0|0|0|307230|720|1280
0|57|1245|0|0|0|307735|720|1280
1|57|1245|0|0|0|307740|720|1280
0|663|125|0|0|0|308234|720|1280
1|663|125|0|0|0|308239|720|1280
0|57|1245|0|0|0|308749|720|1280
1|57|1245|0|0|0|308754|720|1280
0|663|125|0|0|0|309249|720|1280
1|663|125|0|0|0|309254|720|1280
0|57|1245|0|0|0|309764|720|1280
1|57|1245|0|0|0|309769|720|1280
0|663|125|0|0|0|310267|720|1280
1|663|125|0|0|0|310272|720|1280
0|57|1245|0|0|0|310781|720|1280
1|57|1245|0|0|0|310786|720|1280
0|663|125|0|0|0|311277|720|1280
1|663|125|0|0|0|311282|720|1280
0|57|1245|0|0|0|311791|720|1280
1|57|1245|0|0|0|311796|720|1280
0|663|125|0|0|0|312297|720|1280
1|663|125|0|0|0|312302|720|1280
0|57|1245|0|0|0|312807|720|1280
1|57|1245|0|0|0|312813|720|1280
0|663|125|0|0|0|313306|720|1280
1|663|125|0|0|0|313311|720|1280
0|57|1245|0|0|0|313820|720|1280
1|57|1245|0|0|0|313825|720|1280
0|663|125|0|0|0|314319|720|1280
1|663|125|0|0|0|314324|720|1280
0|57|1245|0|0|0|314833|720|1280
1|57|1245|0|0|0|314838|720|1280
0|663|125|0|0|0|315332|720|1280
1|663|125|0|0|0|315337|720|1280
0|57|1245|0|0|0|315847|720|1280
1|57|1245|0|0|0|315852|720|1280
0|663|125|0|0|0|316350|720|1280
1|663|125|0|0|0|316355|720|1280
0|57|1245|0|0|0|316860|720|1280
1|57|1245|0|0|0|316866|720|1280
0|663|125|0|0|0|317360|720|1280
1|663|125|0|0|0|317365|720|1280
0|57|1245|0|0|0|317875|720|1280
1|57|1245|0|0|0|317881|720|1280
0|663|125|0|0|0|318378|720|1280
1|663|125|0|0|0|318383|720|1280
0|57|1245|0|0|0|318896|720|1280
1|57|1245|0|0|0|318902|720|1280
0|663|125|0|0|0|319393|720|1280
1|663|125|0|0|0|319398|720|1280
0|57|1245|0|0|0|319904|720|1280
1|57|1245|0|0|0|319909|720|1280
0|663|125|0|0|0|320403|720|1280
1|663|125|0|0|0|320407|720|1280
0|57|1245|0|0|0|320917|720|1280
1|57|1245|0|0|0|320922|720|1280
0|663|125|0|0|0|321417|720|1280
1|663|125|0|0|0|321421|720|1280
0|57|1245|0|0|0|321934|720|1280
1|57|1245|0|0|0|321939|720|1280
0|663|125|0|0|0|322434|720|1280
1|663|125|0|0|0|322439|720|1280
0|57|1245|0|0|0|322950|720|1280
1|57|1245|0|0|0|322955|720|1280
0|663|125|0|0|0|323444|720|1280
1|663|125|0|0|0|323450|720|1280
0|57|1245|0|0|0|323960|720|1280
1|57|1245|0|0|0|323965|720|1280
0|663|125|0|0|0|324458|720|1280
1|663|125|0|0|0|324463|720|1280
0|57|1245|0|0|0|324973|720|1280
1|57|1245|0|0|0|324978|720|1280
0|663|125|0|0|0|325475|720|1280
1|663|125|0|0|0|325480|720|1280
0|57|1245|0|0|0|325992|720|1280
1|57|1245|0|0|0|325997|720|1280
0|663|125|0|0|0|326487|720|1280
1|663|125|0|0|0|326492|720|1280
0|57|1245|0|0|0|327001|720|1280
1|57|1245|0|0|0|327006|720|1280
0|663|125|0|0|0|327503|720|1280
1|663|125|0|0|0|327507|720|1280
0|57|1245|0|0|0|328016|720|1280
1|57|1245|0|0|0|328021|720|1280
0|663|125|0|0|0|328518|720|1280
1|663|125|0|0|0|328523|720|1280
0|57|1245|0|0|0|329028|720|1280
1|57|1245|0|0|0|329033|720|1280
0|663|125|0|0|0|329529|720|1280
1|663|125|0|0|0|329533|720|1280
0|57|1245|0|0|0|330043|720|1280
1|57|1245|0|0|0|330049|720|1280
0|663|125|0|0|0|330546|720|1280
1|663|125|0|0|0|330551|720|1280
0|57|1245|0|0|0|331062|720|1280
1|57|1245|0|0|0|331067|720|1280
0|663|125|0|0|0|331557|720|1280
1|663|125|0|0|0|331561|720|1280
0|57|1245|0|0|0|332072|720|1280
1|57|1245|0|0|0|332077|720|1280
0|663|125|0|0|0|332569|720|1280
1|663|125|0|0|0|332574|720|1280
0|57|1245|0|0|0|333085|720|1280
1|57|1245|0|0|0|333090|720|1280
0|663|125|0|0|0|333586|720|1280
1|663|125|0|0|0|333591|720|1280
0|57|1245|0|0|0|334105|720|1280
1|57|1245|0|0|0|334110|720|1280
0|663|125|0|0|0|334598|720|1280
1|663|125|0|0|0|334603|720|1280
0|57|1245|0|0|0|335119|720|1280
1|57|1245|0|0|0|335123|720|1280
0|663|125|0|0|0|335613|720|1280
1|663|125|0|0|0|335618|720|1280
0|57|1245|0|0|0|336129|720|1280
1|57|1245|0|0|0|336133|720|1280
0|663|125|0|0|0|336627|720|1280
1|663|125|0|0|0|336632|720|1280
0|57|1245|0|0|0|337141|720|1280
1|57|1245|0|0|0|337146|720|1280
0|663|125|0|0|0|337642|720|1280
1|663|125|0|0|0|337647|720|1280
0|57|1245|0|0|0|338154|720|1280
1|57|1245|0|0|0|338159|720|1280
0|663|125|0|0|0|338653|720|1280
1|663|125|0|0|0|338658|720|1280
0|57|1245|0|0|0|339168|720|1280
1|57|1245|0|0|0|339173|720|1280
0|663|125|0|0|0|339672|720|1280
1|663|125|0|0|0|339677|720|1280
0|57|1245|0|0|0|340184|720|1280
1|57|1245|0|0|0|340190|720|1280
0|663|125|0|0|0|340686|720|1280
1|663|125|0|0|0|340691|720|1280
0|57|1245|0|0|0|341198|720|1280
1|57|1245|0|0|0|341204|720|1280
0|663|125|0|0|0|341696|720|1280
1|663|125|0|0|0|341701|720|1280
0|57|1245|0|0|0|342210|720|1280
1|57|1245|0|0|0|342215|720|1280
0|663|125|0|0|0|342714|720|1280
1|663|125|0|0|0|342719|720|1280
0|57|1245|0|0|0|343227|720|1280
1|57|1245|0|0|0|343232|720|1280
0|663|125|0|0|0|343729|720|1280
1|663|125|0|0|0|343734|720|1280
0|57|1245|0|0|0|344239|720|1280
1|57|1245|0|0|0|344244|720|1280
0|663|125|0|0|0|344739|720|1280
1|663|125|0|0|0|344743|720|1280
0|57|1245|0|0|0|345252|720|1280
1|57|1245|0|0|0|345257|720|1280
0|663|125|0|0|0|345754|720|1280
1|663|125|0|0|0|345758|720|1280
0|57|1245|0|0|0|346273|720|1280
1|57|1245|0|0|0|346278|720|1280
0|663|125|0|0|0|346771|720|1280
1|663|125|0|0|0|346776|720|1280
0|57|1245|0|0|0|347285|720|1280
1|57|1245|0|0|0|347290|720|1280
0|663|125|0|0|0|347780|720|1280
1|663|125|0|0|0|347785|720|1280
0|57|1245|0|0|0|348295|720|1280
1|57|1245|0|0|0|348300|720|1280
0|663|125|0|0|0|348794|720|1280
1|663|125|0|0|0|348799|720|1280
0|57|1245|0|0|0|349309|720|1280
1|57|1245|0|0|0|349314|720|1280
0|663|125|0|0|0|349808|720|1280
1|663|125|0|0|0|349813|720|1280
0|57|1245|0|0|0|350323|720|1280
1|57|1245|0|0|0|350328|720|1280
0|663|125|0|0|0|350822|720|1280
1|663|125|0|0|0|350827|720|1280
0|57|1245|0|0|0|351338|720|1280
1|57|1245|0|0|0|351343|720|1280
0|663|125|0|0|0|351841|720|1280
1|663|125|0|0|0|351846|720|1280
0|57|1245|0|0|0|352351|720|1280
1|57|1245|0|0|0|352357|720|1280
0|663|125|0|0|0|352855|720|1280
1|663|125|0|0|0|352860|720|1280
0|57|1245|0|0|0|353367|720|1280
1|57|1245|0|0|0|353372|720|1280
0|663|125|0|0|0|353864|720|1280
1|663|125|0|0|0|353869|720|1280
0|57|1245|0|0|0|354379|720|1280
1|57|1245|0|0|0|354384|720|1280
0|663|125|0|0|0|354882|720|1280
1|663|125|0|0|0|354887|720|1280
0|184|807|0|0|0|357735|720|1280
1|0|-1|0|0|0|357765|720|1280
0|184|807|0|0|0|358574|720|1280
1|0|-1|0|0|0|358636|720|1280
0|184|807|0|0|0|359029|720|1280
1|0|-1|0|0|0|359091|720|1280
0|596|800|0|0|0|360941|720|1280
1|0|-1|0|0|0|361019|720|1280
0|596|800|0|0|0|361592|720|1280
1|0|-1|0|0|0|361708|720|1280
0|596|800|0|0|0|362833|720|1280
1|0|-1|0|0|0|362953|720|1280
0|361|385|0|0|0|365712|720|1280
1|0|-1|0|0|0|365769|720|1280
0|361|385|0|0|0|367276|720|1280
1|0|-1|0|0|0|367323|720|1280
0|370|304|0|0|0|369962|720|1280
1|0|-1|0|0|0|370062|720|1280
0|363|407|0|0|0|371740|720|1280
1|0|-1|0|0|0|371794|720|1280
0|363|407|0|0|0|372598|720|1280
1|0|-1|0|0|0|372679|720|1280
0|38|602|0|0|0|374622|720|1280
1|0|-1|0|0|0|374674|720|1280
0|38|602|0|0|0|375822|720|1280
1|0|-1|0|0|0|375931|720|1280
0|38|600|0|0|0|376849|720|1280
1|0|-1|0|0|0|376986|720|1280
0|38|600|0|0|0|377723|720|1280
1|0|-1|0|0|0|377842|720|1280
0|651|609|0|0|0|379677|720|1280
2|649|609|0|0|0|379686|720|1280
1|0|-1|0|0|0|379742|720|1280
0|648|608|0|0|0|381156|720|1280
1|0|-1|0|0|0|381282|720|1280
0|368|437|0|0|0|383474|720|1280
1|0|-1|0|0|0|383628|720|1280
0|368|440|0|0|0|384268|720|1280
1|0|-1|0|0|0|384413|720|1280
0|589|608|0|0|0|386282|720|1280
1|0|-1|0|0|0|386384|720|1280
0|591|606|0|0|0|387357|720|1280
1|0|-1|0|0|0|387458|720|1280
0|591|606|0|0|0|388334|720|1280
1|0|-1|0|0|0|388408|720|1280
0|424|460|0|0|0|389876|720|1280
2|424|462|0|0|0|389990|720|1280
1|0|-1|0|0|0|389991|720|1280
0|427|462|0|0|0|390458|720|1280
2|425|462|0|0|0|390467|720|1280
1|0|-1|0|0|0|390541|720|1280
0|377|622|0|0|0|391556|720|1280
1|0|-1|0|0|0|391593|720|1280
0|363|986|0|0|0|393742|720|1280
1|0|-1|0|0|0|393813|720|1280
0|235|599|0|0|0|396663|720|1280
1|0|-1|0|0|0|396734|720|1280
0|365|860|0|0|0|398312|720|1280
2|363|860|0|0|0|398324|720|1280
1|0|-1|0|0|0|398394|720|1280
0|621|599|0|0|0|400159|720|1280
1|0|-1|0|0|0|400243|720|1280
0|495|840|0|0|0|402410|720|1280
1|0|-1|0|0|0|402453|720|1280
0|244|728|0|0|0|404378|720|1280
1|0|-1|0|0|0|404457|720|1280
0|365|888|0|0|0|407050|720|1280
2|361|888|0|0|0|407061|720|1280
2|367|888|0|0|0|407091|720|1280
1|0|-1|0|0|0|407134|720|1280
0|612|344|0|0|0|410014|720|1280
1|0|-1|0|0|0|410123|720|1280
0|360|721|0|0|0|421328|720|1280
1|0|-1|0|0|0|421385|720|1280
0|616|711|0|0|0|423221|720|1280
1|0|-1|0|0|0|423286|720|1280
0|489|480|0|0|0|425311|720|1280
2|488|480|0|0|0|425340|720|1280
1|0|-1|0|0|0|425368|720|1280
0|233|599|0|0|0|427482|720|1280
1|0|-1|0|0|0|427574|720|1280
0|363|316|0|0|0|430271|720|1280
1|0|-1|0|0|0|430361|720|1280
0|491|618|0|0|0|432192|720|1280
1|0|-1|0|0|0|432280|720|1280
0|361|280|0|0|0|434130|720|1280
1|0|-1|0|0|0|434225|720|1280
0|70|604|0|0|0|436722|720|1280
1|0|-1|0|0|0|436805|720|1280
0|171|597|0|0|0|438993|720|1280
1|0|-1|0|0|0|439078|720|1280
0|368|302|0|0|0|442062|720|1280
1|0|-1|0|0|0|442153|720|1280
0|370|289|0|0|0|443843|720|1280
1|0|-1|0|0|0|443892|720|1280
0|365|428|0|0|0|446292|720|1280
2|365|432|0|0|0|446323|720|1280
1|0|-1|0|0|0|446324|720|1280
0|482|416|0|0|0|447924|720|1280
1|0|-1|0|0|0|447963|720|1280
0|473|428|0|0|0|449428|720|1280
1|0|-1|0|0|0|449506|720|1280
0|363|448|0|0|0|450658|720|1280
1|0|-1|0|0|0|450712|720|1280
0|445|471|0|0|0|452367|720|1280
1|0|-1|0|0|0|452436|720|1280
0|370|416|0|0|0|454728|720|1280
2|370|414|0|0|0|454744|720|1280
1|0|-1|0|0|0|454813|720|1280
0|367|778|0|0|0|457594|720|1280
1|0|-1|0|0|0|457701|720|1280
0|169|609|0|0|0|459994|720|1280
1|0|-1|0|0|0|460039|720|1280
0|365|613|0|0|0|462761|720|1280
1|0|-1|0|0|0|462864|720|1280
0|360|270|0|0|0|465065|720|1280
1|0|-1|0|0|0|465144|720|1280
0|233|417|0|0|0|467157|720|1280
2|232|417|0|0|0|467169|720|1280
1|0|-1|0|0|0|467243|720|1280
0|363|1182|0|0|0|471672|720|1280
1|0|-1|0|0|0|471751|720|1280
0|363|1175|0|0|0|474042|720|1280
1|0|-1|0|0|0|474093|720|1280
0|363|1175|0|0|0|476261|720|1280
1|0|-1|0|0|0|476371|720|1280
0|363|1175|0|0|0|479883|720|1280
1|0|-1|0|0|0|480026|720|1280
0|363|1175|0|0|0|482385|720|1280
1|0|-1|0|0|0|482502|720|1280
0|690|563|0|0|0|485873|720|1280
2|692|563|0|0|0|485898|720|1280
2|690|563|0|0|0|485956|720|1280
1|0|-1|0|0|0|485957|720|1280
0|592|634|0|0|0|492508|720|1280
1|0|-1|0|0|0|492612|720|1280
0|690|625|0|0|0|494192|720|1280
1|0|-1|0|0|0|494261|720|1280
0|507|624|0|0|0|496508|720|1280
1|0|-1|0|0|0|496568|720|1280
0|360|348|0|0|0|498650|720|1280
2|358|348|0|0|0|498664|720|1280
1|0|-1|0|0|0|498734|720|1280
0|633|600|0|0|0|500758|720|1280
2|632|600|0|0|0|500768|720|1280
1|0|-1|0|0|0|500843|720|1280
0|365|471|0|0|0|503076|720|1280
2|361|471|0|0|0|503101|720|1280
2|365|471|0|0|0|503116|720|1280
1|0|-1|0|0|0|503149|720|1280
0|688|609|0|0|0|505412|720|1280
1|0|-1|0|0|0|505475|720|1280
0|685|609|0|0|0|506894|720|1280
1|0|-1|0|0|0|506952|720|1280
0|488|606|0|0|0|509094|720|1280
2|489|606|0|0|0|509136|720|1280
1|0|-1|0|0|0|509153|720|1280
0|360|408|0|0|0|511042|720|1280
2|363|408|0|0|0|511089|720|1280
1|0|-1|0|0|0|511122|720|1280
0|621|337|0|0|0|514409|720|1280
1|0|-1|0|0|0|514568|720|1280
0|363|689|0|0|0|524911|720|1280
1|0|-1|0|0|0|524993|720|1280
0|36|611|0|0|0|527274|720|1280
2|36|613|0|0|0|527332|720|1280
2|40|613|0|0|0|527359|720|1280
1|0|-1|0|0|0|527360|720|1280
0|370|298|0|0|0|529463|720|1280
1|0|-1|0|0|0|529567|720|1280
0|376|398|0|0|0|532057|720|1280
2|374|398|0|0|0|532148|720|1280
1|0|-1|0|0|0|532149|720|1280
0|372|394|0|0|0|533812|720|1280
2|374|394|0|0|0|533824|720|1280
1|0|-1|0|0|0|533905|720|1280
0|367|307|0|0|0|536208|720|1280
1|0|-1|0|0|0|536301|720|1280
0|367|513|0|0|0|538292|720|1280
1|0|-1|0|0|0|538338|720|1280
0|640|515|0|0|0|540159|720|1280
1|0|-1|0|0|0|540210|720|1280
0|637|515|0|0|0|541587|720|1280
1|0|-1|0|0|0|541680|720|1280
0|635|528|0|0|0|544182|720|1280
1|0|-1|0|0|0|544252|720|1280
0|40|528|0|0|0|547032|720|1280
1|0|-1|0|0|0|547068|720|1280
0|242|528|0|0|0|549244|720|1280
1|0|-1|0|0|0|549288|720|1280
0|379|913|0|0|0|551263|720|1280
1|0|-1|0|0|0|551330|720|1280
0|377|912|0|0|0|552909|720|1280
1|0|-1|0|0|0|552980|720|1280
0|365|1166|0|0|0|555716|720|1280
1|0|-1|0|0|0|555741|720|1280
0|32|625|0|0|0|559523|720|1280
1|0|-1|0|0|0|559602|720|1280
0|41|627|0|0|0|561292|720|1280
1|0|-1|0|0|0|561372|720|1280
0|370|819|0|0|0|563508|720|1280
2|368|819|0|0|0|563536|720|1280
1|0|-1|0|0|0|563593|720|1280
0|175|609|0|0|0|565727|720|1280
1|0|-1|0|0|0|565824|720|1280
0|358|808|0|0|0|567662|720|1280
1|0|-1|0|0|0|567743|720|1280
0|25|597|0|0|0|569634|720|1280
1|0|-1|0|0|0|569703|720|1280
0|352|606|0|0|0|572938|720|1280
1|0|-1|0|0|0|573033|720|1280
0|372|152|0|0|0|575711|720|1280
2|370|152|0|0|0|575722|720|1280
1|0|-1|0|0|0|575766|720|1280
0|221|611|0|0|0|578213|720|1280
2|219|611|0|0|0|578221|720|1280
2|219|609|0|0|0|578229|720|1280
2|221|609|0|0|0|578239|720|1280
2|216|609|0|0|0|578246|720|1280
1|0|-1|0|0|0|578268|720|1280
0|365|513|0|0|0|580375|720|1280
2|363|513|0|0|0|580389|720|1280
2|365|513|0|0|0|580391|720|1280
2|367|513|0|0|0|580430|720|1280
1|0|-1|0|0|0|580446|720|1280
0|427|592|0|0|0|582113|720|1280
1|0|-1|0|0|0|582164|720|1280
0|505|524|0|0|0|584145|720|1280
2|504|524|0|0|0|584159|720|1280
1|0|-1|0|0|0|584195|720|1280
0|701|611|0|0|0|586482|720|1280
1|0|-1|0|0|0|586544|720|1280
0|422|618|0|0|0|591059|720|1280
1|0|-1|0|0|0|591106|720|1280
0|360|304|0|0|0|594167|720|1280
1|0|-1|0|0|0|594284|720|1280
0|683|615|0|0|0|596367|720|1280
2|681|615|0|0|0|596413|720|1280
1|0|-1|0|0|0|596434|720|1280
0|681|615|0|0|0|597967|720|1280
1|0|-1|0|0|0|598047|720|1280
0|690|602|0|0|0|601564|720|1280
1|0|-1|0|0|0|601623|720|1280
0|690|606|0|0|0|603642|720|1280
1|0|-1|0|0|0|603706|720|1280
0|363|816|0|0|0|606711|720|1280
1|0|-1|0|0|0|606776|720|1280
0|688|620|0|0|0|609558|720|1280
1|0|-1|0|0|0|609663|720|1280
0|694|616|0|0|0|611932|720|1280
1|0|-1|0|0|0|611980|720|1280
0|493|606|0|0|0|614422|720|1280
1|0|-1|0|0|0|614494|720|1280
0|368|288|0|0|0|617360|720|1280
1|0|-1|0|0|0|617452|720|1280
0|696|611|0|0|0|619952|720|1280
1|0|-1|0|0|0|620023|720|1280
0|660|600|0|0|0|621710|720|1280
1|0|-1|0|0|0|621777|720|1280
0|352|337|0|0|0|624965|720|1280
1|0|-1|0|0|0|625061|720|1280
0|347|298|0|0|0|626632|720|1280
1|0|-1|0|0|0|626695|720|1280
0|560|1020|0|0|0|630323|720|1280
1|0|-1|0|0|0|630401|720|1280
0|360|629|0|0|0|632106|720|1280
1|0|-1|0|0|0|632179|720|1280
0|365|1032|0|0|0|635171|720|1280
1|0|-1|0|0|0|635251|720|1280
0|216|1025|0|0|0|637556|720|1280
2|216|1029|0|0|0|637645|720|1280
1|0|-1|0|0|0|637645|720|1280
0|372|1157|0|0|0|639773|720|1280
1|0|-1|0|0|0|639821|720|1280
0|360|876|0|0|0|643501|720|1280
1|0|-1|0|0|0|643577|720|1280
0|29|624|0|0|0|646235|720|1280
1|0|-1|0|0|0|646295|720|1280
0|34|615|0|0|0|648222|720|1280
1|0|-1|0|0|0|648306|720|1280
0|224|627|0|0|0|650607|720|1280
1|0|-1|0|0|0|650658|720|1280
0|358|933|0|0|0|652519|720|1280
1|0|-1|0|0|0|652603|720|1280
0|18|627|0|0|0|654746|720|1280
1|0|-1|0|0|0|654812|720|1280
0|24|627|0|0|0|656341|720|1280
1|0|-1|0|0|0|656394|720|1280
0|232|622|0|0|0|660377|720|1280
1|0|-1|0|0|0|660445|720|1280
0|116|613|0|0|0|662326|720|1280
1|0|-1|0|0|0|662396|720|1280
0|370|350|0|0|0|666474|720|1280
1|0|-1|0|0|0|666543|720|1280
0|109|609|0|0|0|668830|720|1280
2|111|609|0|0|0|668903|720|1280
1|0|-1|0|0|0|668903|720|1280
0|178|609|0|0|0|671208|720|1280
1|0|-1|0|0|0|671289|720|1280
0|372|250|0|0|0|674332|720|1280
2|374|250|0|0|0|674335|720|1280
1|0|-1|0|0|0|674367|720|1280
0|356|277|0|0|0|678281|720|1280
1|0|-1|0|0|0|678322|720|1280
0|64|608|0|0|0|681845|720|1280
1|0|-1|0|0|0|681923|720|1280
0|296|606|0|0|0|683581|720|1280
2|297|606|0|0|0|683587|720|1280
1|0|-1|0|0|0|683637|720|1280
0|697|609|0|0|0|688148|720|1280
1|0|-1|0|0|0|688260|720|1280
0|360|190|0|0|0|692112|720|1280
1|0|-1|0|0|0|692140|720|1280
0|363|515|0|0|0|696219|720|1280
1|0|-1|0|0|0|696312|720|1280
0|358|280|0|0|0|698928|720|1280
2|358|282|0|0|0|698954|720|1280
1|0|-1|0|0|0|699012|720|1280
0|358|286|0|0|0|700802|720|1280
1|0|-1|0|0|0|700925|720|1280
0|360|286|0|0|0|702862|720|1280
1|0|-1|0|0|0|702974|720|1280
0|619|346|0|0|0|705819|720|1280
1|0|-1|0|0|0|705930|720|1280
0|70|1233|0|0|0|712431|720|1280
1|0|-1|0|0|0|712540|720|1280
0|70|1233|0|0|0|714056|720|1280
1|0|-1|0|0|0|714403|720|1280
0|70|1233|0|0|0|716259|720|1280
1|0|-1|0|0|0|716442|720|1280
0|70|1233|0|0|0|718019|720|1280
1|0|-1|0|0|0|718251|720|1280
0|70|1233|0|0|0|720373|720|1280
1|0|-1|0|0|0|720681|720|1280
0|70|1233|0|0|0|722234|720|1280
1|0|-1|0|0|0|722445|720|1280
0|70|1233|0|0|0|724265|720|1280
1|0|-1|0|0|0|724444|720|1280
0|70|1233|0|0|0|725891|720|1280
1|0|-1|0|0|0|726083|720|1280
0|70|1233|0|0|0|728081|720|1280
1|0|-1|0|0|0|728343|720|1280
0|70|1233|0|0|0|730068|720|1280
1|0|-1|0|0|0|730221|720|1280
0|70|1233|0|0|0|731575|720|1280
1|0|-1|0|0|0|731782|720|1280
0|70|1233|0|0|0|733572|720|1280
1|0|-1|0|0|0|733806|720|1280
0|70|1233|0|0|0|735144|720|1280
1|0|-1|0|0|0|735346|720|1280
0|70|1233|0|0|0|736495|720|1280
1|0|-1|0|0|0|736701|720|1280
0|70|1233|0|0|0|738253|720|1280
1|0|-1|0|0|0|738439|720|1280
0|70|1233|0|0|0|739811|720|1280
1|0|-1|0|0|0|740038|720|1280
0|70|1233|0|0|0|741088|720|1280
1|0|-1|0|0|0|741336|720|1280
0|70|1233|0|0|0|743370|720|1280
1|0|-1|0|0|0|743537|720|1280
0|70|1233|0|0|0|745374|720|1280
1|0|-1|0|0|0|745673|720|1280
0|70|1233|0|0|0|747340|720|1280
1|0|-1|0|0|0|747592|720|1280
0|70|1233|0|0|0|749448|720|1280
1|0|-1|0|0|0|749617|720|1280
0|70|1233|0|0|0|751175|720|1280
1|0|-1|0|0|0|751492|720|1280
0|70|1233|0|0|0|752929|720|1280
1|0|-1|0|0|0|753103|720|1280
0|70|1233|0|0|0|754491|720|1280
1|0|-1|0|0|0|754658|720|1280
0|70|1233|0|0|0|756580|720|1280
1|0|-1|0|0|0|756862|720|1280
0|70|1233|0|0|0|758670|720|1280
1|0|-1|0|0|0|758915|720|1280
0|70|1233|0|0|0|761072|720|1280
1|0|-1|0|0|0|761425|720|1280
0|70|1233|0|0|0|763133|720|1280
1|0|-1|0|0|0|763362|720|1280
0|70|1233|0|0|0|764132|720|1280
1|0|-1|0|0|0|764428|720|1280
0|70|1233|0|0|0|765171|720|1280
1|0|-1|0|0|0|765387|720|1280
0|70|1233|0|0|0|766409|720|1280
1|0|-1|0|0|0|766659|720|1280
0|70|1233|0|0|0|768025|720|1280
1|0|-1|0|0|0|768302|720|1280
0|70|1233|0|0|0|770025|720|1280
1|0|-1|0|0|0|770199|720|1280
0|70|1233|0|0|0|771571|720|1280
1|0|-1|0|0|0|771858|720|1280
0|70|1233|0|0|0|773111|720|1280
1|0|-1|0|0|0|773416|720|1280
0|70|1233|0|0|0|774739|720|1280
1|0|-1|0|0|0|775042|720|1280
0|70|1233|0|0|0|776353|720|1280
1|0|-1|0|0|0|776580|720|1280
0|70|1233|0|0|0|778550|720|1280
1|0|-1|0|0|0|778808|720|1280
0|70|1233|0|0|0|780125|720|1280
1|0|-1|0|0|0|780362|720|1280
0|70|1233|0|0|0|781595|720|1280
1|0|-1|0|0|0|781862|720|1280
0|70|1233|0|0|0|783025|720|1280
1|0|-1|0|0|0|783276|720|1280
0|70|1233|0|0|0|784674|720|1280
1|0|-1|0|0|0|784975|720|1280
0|70|1233|0|0|0|786476|720|1280
1|0|-1|0|0|0|786802|720|1280
0|70|1233|0|0|0|787731|720|1280
1|0|-1|0|0|0|788063|720|1280
0|70|1233|0|0|0|789299|720|1280
1|0|-1|0|0|0|789602|720|1280
0|70|1233|0|0|0|790572|720|1280
1|0|-1|0|0|0|790922|720|1280
0|70|1233|0|0|0|792284|720|1280
1|0|-1|0|0|0|792648|720|1280
0|70|1233|0|0|0|794174|720|1280
1|0|-1|0|0|0|794407|720|1280
0|70|1233|0|0|0|795571|720|1280
1|0|-1|0|0|0|795863|720|1280
0|70|1233|0|0|0|797130|720|1280
1|0|-1|0|0|0|797444|720|1280
0|70|1233|0|0|0|798450|720|1280
1|0|-1|0|0|0|798693|720|1280
0|580|474|0|0|0|801375|720|1280
1|0|-1|0|0|0|801435|720|1280
0|422|657|0|0|0|815792|720|1280
1|0|-1|0|0|0|815891|720|1280
0|408|684|0|0|0|817128|720|1280
2|404|684|0|0|0|817135|720|1280
1|0|-1|0|0|0|817192|720|1280
0|404|684|0|0|0|818521|720|1280
2|406|684|0|0|0|818614|720|1280
1|0|-1|0|0|0|818615|720|1280
0|363|1121|0|0|0|820849|720|1280
1|0|-1|0|0|0|820971|720|1280
0|363|1127|0|0|0|828177|720|1280
1|0|-1|0|0|0|828272|720|1280
0|363|1127|0|0|0|830039|720|1280
1|0|-1|0|0|0|830101|720|1280
0|363|1127|0|0|0|832882|720|1280
1|0|-1|0|0|0|833006|720|1280
