0|231|713|0|0|0|0|480|854
1|231|713|0|0|0|10|480|854
0|153|565|0|0|0|400|480|854
1|153|565|0|0|0|410|480|854
0|231|713|0|0|0|800|480|854
1|231|713|0|0|0|810|480|854
0|153|565|0|0|0|1200|480|854
1|153|565|0|0|0|1210|480|854
0|231|713|0|0|0|1600|480|854
1|231|713|0|0|0|1610|480|854
0|153|565|0|0|0|2000|480|854
1|153|565|0|0|0|2010|480|854
0|231|713|0|0|0|2400|480|854
1|231|713|0|0|0|2410|480|854
0|153|565|0|0|0|2600|480|854
1|153|565|0|0|0|2610|480|854
0|231|713|0|0|0|3000|480|854
1|231|713|0|0|0|3010|480|854
0|153|565|0|0|0|3400|480|854
1|153|565|0|0|0|3410|480|854
0|231|713|0|0|0|3800|480|854
1|231|713|0|0|0|3810|480|854
0|153|565|0|0|0|4200|480|854
1|153|565|0|0|0|4210|480|854
0|231|713|0|0|0|4600|480|854
1|231|713|0|0|0|4610|480|854
0|153|565|0|0|0|5000|480|854
1|153|565|0|0|0|5010|480|854
0|231|713|0|0|0|5400|480|854
1|231|713|0|0|0|5410|480|854
0|153|565|0|0|0|5800|480|854
1|153|565|0|0|0|5810|480|854
0|231|713|0|0|0|6200|480|854
1|231|713|0|0|0|6210|480|854
0|153|565|0|0|0|6600|480|854
1|153|565|0|0|0|6610|480|854
0|231|713|0|0|0|7000|480|854
1|231|713|0|0|0|7010|480|854
0|153|565|0|0|0|7400|480|854
1|153|565|0|0|0|7410|480|854
0|231|713|0|0|0|7800|480|854
1|231|713|0|0|0|7810|480|854
0|153|565|0|0|0|8200|480|854
1|153|565|0|0|0|8210|480|854
0|231|713|0|0|0|8600|480|854
1|231|713|0|0|0|8610|480|854
0|153|565|0|0|0|9000|480|854
1|153|565|0|0|0|9010|480|854
0|231|713|0|0|0|9400|480|854
1|231|713|0|0|0|9410|480|854
0|153|565|0|0|0|9800|480|854
1|153|565|0|0|0|9810|480|854
0|231|713|0|0|0|10200|480|854
1|231|713|0|0|0|10210|480|854
0|153|565|0|0|0|10600|480|854
1|153|565|0|0|0|10610|480|854
0|231|713|0|0|0|11000|480|854
1|231|713|0|0|0|11010|480|854
0|153|565|0|0|0|11400|480|854
1|153|565|0|0|0|11410|480|854
0|231|713|0|0|0|11800|480|854
1|231|713|0|0|0|11810|480|854
0|153|565|0|0|0|12200|480|854
1|153|565|0|0|0|12210|480|854
0|231|713|0|0|0|12600|480|854
1|231|713|0|0|0|12610|480|854
0|266|493|0|0|0|12800|480|854
1|266|493|0|0|0|12810|480|854
0|231|713|0|0|0|13200|480|854
1|231|713|0|0|0|13210|480|854
0|153|565|0|0|0|13600|480|854
1|153|565|0|0|0|13610|480|854
0|231|713|0|0|0|14000|480|854
1|231|713|0|0|0|14010|480|854
0|153|565|0|0|0|14400|480|854
1|153|565|0|0|0|14410|480|854
0|231|713|0|0|0|14800|480|854
1|231|713|0|0|0|14810|480|854
0|153|565|0|0|0|15200|480|854
1|153|565|0|0|0|15210|480|854
0|231|713|0|0|0|15600|480|854
1|231|713|0|0|0|15610|480|854
0|153|565|0|0|0|16000|480|854
1|153|565|0|0|0|16010|480|854
0|231|713|0|0|0|16400|480|854
1|231|713|0|0|0|16410|480|854
0|153|565|0|0|0|16800|480|854
1|153|565|0|0|0|16810|480|854
0|231|713|0|0|0|17200|480|854
1|231|713|0|0|0|17210|480|854
0|153|565|0|0|0|17600|480|854
1|153|565|0|0|0|17610|480|854
0|231|713|0|0|0|18000|480|854
1|231|713|0|0|0|18010|480|854
0|153|565|0|0|0|18400|480|854
1|153|565|0|0|0|18410|480|854
0|231|713|0|0|0|18800|480|854
1|231|713|0|0|0|18810|480|854
0|153|565|0|0|0|19200|480|854
1|153|565|0|0|0|19210|480|854
0|231|713|0|0|0|19600|480|854
1|231|713|0|0|0|19610|480|854
0|153|565|0|0|0|20000|480|854
1|153|565|0|0|0|20010|480|854
0|231|713|0|0|0|20400|480|854
1|231|713|0|0|0|20410|480|854
0|153|565|0|0|0|20800|480|854
1|153|565|0|0|0|20810|480|854
0|231|713|0|0|0|21200|480|854
1|231|713|0|0|0|21210|480|854
0|153|565|0|0|0|21600|480|854
1|153|565|0|0|0|21610|480|854
0|231|713|0|0|0|22000|480|854
1|231|713|0|0|0|22010|480|854
0|153|565|0|0|0|22400|480|854
1|153|565|0|0|0|22410|480|854
0|231|713|0|0|0|22800|480|854
1|231|713|0|0|0|22810|480|854
0|153|565|0|0|0|23200|480|854
1|153|565|0|0|0|23210|480|854
0|231|713|0|0|0|23600|480|854
1|231|713|0|0|0|23610|480|854
0|153|565|0|0|0|24000|480|854
1|153|565|0|0|0|24010|480|854
0|231|713|0|0|0|24400|480|854
1|231|713|0|0|0|24410|480|854
0|153|565|0|0|0|24800|480|854
1|153|565|0|0|0|24810|480|854
0|231|713|0|0|0|25200|480|854
1|231|713|0|0|0|25210|480|854
0|153|565|0|0|0|25600|480|854
1|153|565|0|0|0|25610|480|854
0|231|713|0|0|0|26000|480|854
1|231|713|0|0|0|26010|480|854
0|153|565|0|0|0|26400|480|854
1|153|565|0|0|0|26410|480|854
0|231|713|0|0|0|26800|480|854
1|231|713|0|0|0|26810|480|854
0|153|565|0|0|0|27200|480|854
1|153|565|0|0|0|27210|480|854
0|231|713|0|0|0|27600|480|854
1|231|713|0|0|0|27610|480|854
0|153|565|0|0|0|28000|480|854
1|153|565|0|0|0|28010|480|854
0|231|713|0|0|0|28400|480|854
1|231|713|0|0|0|28410|480|854
0|153|565|0|0|0|28800|480|854
1|153|565|0|0|0|28810|480|854
0|231|713|0|0|0|29200|480|854
1|231|713|0|0|0|29210|480|854
0|153|565|0|0|0|29600|480|854
1|153|565|0|0|0|29610|480|854
0|231|713|0|0|0|30000|480|854
1|231|713|0|0|0|30010|480|854
0|231|713|0|0|0|30400|480|854
1|231|713|0|0|0|30410|480|854
0|153|565|0|0|0|30800|480|854
1|153|565|0|0|0|30810|480|854
0|231|713|0|0|0|31200|480|854
1|231|713|0|0|0|31210|480|854
0|153|565|0|0|0|31600|480|854
1|153|565|0|0|0|31610|480|854
0|231|713|0|0|0|32000|480|854
1|231|713|0|0|0|32010|480|854
0|153|565|0|0|0|32400|480|854
1|153|565|0|0|0|32410|480|854
0|231|713|0|0|0|32800|480|854
1|231|713|0|0|0|32810|480|854
0|153|565|0|0|0|33200|480|854
1|153|565|0|0|0|33210|480|854
0|231|713|0|0|0|33600|480|854
1|231|713|0|0|0|33610|480|854
0|153|565|0|0|0|34000|480|854
1|153|565|0|0|0|34010|480|854
0|231|713|0|0|0|34400|480|854
1|231|713|0|0|0|34410|480|854
0|153|565|0|0|0|34800|480|854
1|153|565|0|0|0|34810|480|854
0|266|493|0|0|0|35000|480|854
1|266|493|0|0|0|35010|480|854
0|153|565|0|0|0|35200|480|854
1|153|565|0|0|0|35210|480|854
0|231|713|0|0|0|35600|480|854
1|231|713|0|0|0|35610|480|854
0|153|565|0|0|0|36000|480|854
1|153|565|0|0|0|36010|480|854
0|231|713|0|0|0|36400|480|854
1|231|713|0|0|0|36410|480|854
0|153|565|0|0|0|36800|480|854
1|153|565|0|0|0|36810|480|854
0|231|713|0|0|0|37200|480|854
1|231|713|0|0|0|37210|480|854
0|153|565|0|0|0|37600|480|854
1|153|565|0|0|0|37610|480|854
0|231|713|0|0|0|38000|480|854
1|231|713|0|0|0|38010|480|854
0|153|565|0|0|0|38400|480|854
1|153|565|0|0|0|38410|480|854
0|231|713|0|0|0|38800|480|854
1|231|713|0|0|0|38810|480|854
0|153|565|0|0|0|39200|480|854
1|153|565|0|0|0|39210|480|854
0|231|713|0|0|0|39600|480|854
1|231|713|0|0|0|39610|480|854
0|153|565|0|0|0|40000|480|854
1|153|565|0|0|0|40010|480|854
0|153|565|0|0|0|40400|480|854
1|153|565|0|0|0|40410|480|854
0|231|713|0|0|0|40800|480|854
1|231|713|0|0|0|40810|480|854
0|153|565|0|0|0|41200|480|854
1|153|565|0|0|0|41210|480|854
0|231|713|0|0|0|300000|480|854
1|231|713|0|0|0|300010|480|854